1	1243394048	1243394560	[1]
2	1243394496	1243395008	[1]
3	1243394944	1243395456	[1]
4	1243395392	1243395904	[1]
5	1243395840	1243396352	[1]
6	1243396288	1243396800	[1]
7	1243396736	1243397248	[1]
8	1243397184	1243397696	[1]
9	1243397632	1243398144	[1]
10	1243398080	1243398592	[1,2]
11	1243398528	1243399040	[2]
12	1243398976	1243399488	[2]
13	1243399424	1243399936	[2]
14	1243399872	1243400384	[2]
15	1243400320	1243400832	[2]
16	1243400768	1243401280	[2]
17	1243401216	1243401728	[2]
18	1243401664	1243402176	[2]
19	1243402112	1243402624	[2,3]
20	1243402560	1243403072	[3]
21	1243403008	1243403520	[3]
22	1243403456	1243403968	[3]
23	1243403904	1243404416	[3]
24	1243404352	1243404864	[3]
25	1243404800	1243405312	[3]
26	1243405248	1243405760	[3]
27	1243405696	1243406208	[3]
28	1243406144	1243406656	[3,4]
29	1243406592	1243407104	[4]
30	1243407040	1243407552	[4]
31	1243407488	1243408000	[4]
32	1243407936	1243408448	[4]
33	1243408384	1243408896	[4]
34	1243408832	1243409344	[4]
35	1243409280	1243409792	[4]
36	1243409728	1243410240	[4]
37	1243410176	1243410688	[4,5]
38	1243410624	1243411136	[5]
39	1243411072	1243411584	[5]
40	1243411520	1243412032	[5]
41	1243411968	1243412480	[5]
42	1243412416	1243412928	[5]
43	1243412864	1243413376	[5]
44	1243413312	1243413824	[5]
45	1243413760	1243414272	[5]
46	1243414208	1243414720	[5,6]
47	1243414656	1243415168	[6]
48	1243415104	1243415616	[6]
49	1243415552	1243416064	[6]
50	1243416000	1243416512	[6]
51	1243416448	1243416960	[6]
52	1243416896	1243417408	[6]
53	1243417344	1243417856	[6]
54	1243417792	1243418304	[6]
55	1243418240	1243418752	[6,7]
56	1243418688	1243419200	[7]
57	1243419136	1243419648	[7]
58	1243419584	1243420096	[7]
59	1243420032	1243420544	[7]
60	1243420480	1243420992	[7]
61	1243420928	1243421440	[7]
62	1243421376	1243421888	[7]
63	1243421824	1243422336	[7]
64	1243422272	1243422784	[7,8]
65	1243422720	1243423232	[8]
66	1243423168	1243423680	[8]
67	1243423616	1243424128	[8]
68	1243424064	1243424576	[8]
69	1243424512	1243425024	[8]
70	1243424960	1243425472	[8]
71	1243425408	1243425920	[8]
72	1243425856	1243426368	[8]
73	1243426304	1243426816	[8]
74	1243426752	1243427264	[8,9]
75	1243427200	1243427712	[9]
76	1243427648	1243428160	[9]
77	1243428096	1243428608	[9]
78	1243428544	1243429056	[9]
79	1243428992	1243429504	[9]
80	1243429440	1243429952	[9]
81	1243429888	1243430400	[9]
82	1243430336	1243430848	[9]
83	1243430784	1243431296	[9,10]
84	1243431232	1243431744	[10]
85	1243431680	1243432192	[10]
86	1243432128	1243432640	[10]
87	1243432576	1243433088	[10]
88	1243433024	1243433536	[10]
89	1243433472	1243433984	[10]
90	1243433920	1243434432	[10]
91	1243434368	1243434880	[10]
92	1243434816	1243435328	[10,11]
93	1243435264	1243435776	[11]
94	1243435712	1243436224	[11]
95	1243436160	1243436672	[11]
96	1243436608	1243437120	[11]
97	1243437056	1243437568	[11]
98	1243437504	1243438016	[11]
99	1243437952	1243438464	[11]
100	1243438400	1243438912	[11]
101	1243438848	1243439360	[11,12]
102	1243439296	1243439808	[12]
103	1243439744	1243440256	[12]
104	1243440192	1243440704	[12]
105	1243440640	1243441152	[12]
106	1243441088	1243441600	[12]
107	1243441536	1243442048	[12]
108	1243441984	1243442496	[12]
109	1243442432	1243442944	[12]
110	1243442880	1243443392	[12,13]
111	1243443328	1243443840	[13]
112	1243443776	1243444288	[13]
113	1243444224	1243444736	[13]
114	1243444672	1243445184	[13]
115	1243445120	1243445632	[13]
116	1243445568	1243446080	[13]
117	1243446016	1243446528	[13]
118	1243446464	1243446976	[13]
119	1243446912	1243447424	[13,14]
120	1243447360	1243447872	[14]
121	1243447808	1243448320	[14]
122	1243448256	1243448768	[14]
123	1243448704	1243449216	[14]
124	1243449152	1243449664	[14]
125	1243449600	1243450112	[14]
126	1243450048	1243450560	[14]
127	1243450496	1243451008	[14]
128	1243450944	1243451456	[14,15]
129	1243451392	1243451904	[15]
130	1243451840	1243452352	[15]
131	1243452288	1243452800	[15]
132	1243452736	1243453248	[15]
133	1243453184	1243453696	[15]
134	1243453632	1243454144	[15]
135	1243454080	1243454592	[15]
136	1243454528	1243455040	[15]
137	1243454976	1243455488	[15]
138	1243455424	1243455936	[15,16]
139	1243455872	1243456384	[16]
140	1243456320	1243456832	[16]
141	1243456768	1243457280	[16]
142	1243457216	1243457728	[16]
143	1243457664	1243458176	[16]
144	1243458112	1243458624	[16]
145	1243458560	1243459072	[16]
146	1243459008	1243459520	[16]
147	1243459456	1243459968	[16,17]
148	1243459904	1243460416	[17]
149	1243460352	1243460864	[17]
150	1243460800	1243461312	[17]
151	1243461248	1243461760	[17]
152	1243461696	1243462208	[17]
153	1243462144	1243462656	[17]
154	1243462592	1243463104	[17]
155	1243463040	1243463552	[17]
156	1243463488	1243464000	[17,18]
157	1243463936	1243464448	[18]
158	1243464384	1243464896	[18]
159	1243464832	1243465344	[18]
160	1243465280	1243465792	[18]
161	1243465728	1243466240	[18]
162	1243466176	1243466688	[18]
163	1243466624	1243467136	[18]
164	1243467072	1243467584	[18]
165	1243467520	1243468032	[18,19]
166	1243467968	1243468480	[19]
167	1243468416	1243468928	[19]
168	1243468864	1243469376	[19]
169	1243469312	1243469824	[19]
170	1243469760	1243470272	[19]
171	1243470208	1243470720	[19]
172	1243470656	1243471168	[19]
173	1243471104	1243471616	[19]
174	1243471552	1243472064	[19,20]
175	1243472000	1243472512	[20]
176	1243472448	1243472960	[20]
177	1243472896	1243473408	[20]
178	1243473344	1243473856	[20]
179	1243473792	1243474304	[20]
180	1243474240	1243474752	[20]
181	1243474688	1243475200	[20]
182	1243475136	1243475648	[20]
183	1243475584	1243476096	[20,21]
184	1243476032	1243476544	[21]
185	1243476480	1243476992	[21]
186	1243476928	1243477440	[21]
187	1243477376	1243477888	[21]
188	1243477824	1243478336	[21]
189	1243478272	1243478784	[21]
190	1243478720	1243479232	[21]
191	1243479168	1243479680	[21]
192	1243479616	1243480128	[21,22]
193	1243480064	1243480576	[22]
194	1243480512	1243481024	[22]
195	1243480960	1243481472	[22]
196	1243481408	1243481920	[22]
197	1243481856	1243482368	[22]
198	1243482304	1243482816	[22]
199	1243482752	1243483264	[22]
200	1243483200	1243483712	[22]
201	1243483648	1243484160	[22]
202	1243484096	1243484608	[22,23]
203	1243484544	1243485056	[23]
204	1243484992	1243485504	[23]
205	1243485440	1243485952	[23]
206	1243485888	1243486400	[23]
207	1243486336	1243486848	[23]
208	1243486784	1243487296	[23]
209	1243487232	1243487744	[23]
210	1243487680	1243488192	[23]
211	1243488128	1243488640	[23,24]
212	1243488576	1243489088	[24]
213	1243489024	1243489536	[24]
214	1243489472	1243489984	[24]
215	1243489920	1243490432	[24]
216	1243490368	1243490880	[24]
217	1243490816	1243491328	[24]
218	1243491264	1243491776	[24]
219	1243491712	1243492224	[24]
220	1243492160	1243492672	[24,25]
221	1243492608	1243493120	[25]
222	1243493056	1243493568	[25]
223	1243493504	1243494016	[25]
224	1243493952	1243494464	[25]
225	1243494400	1243494912	[25]
226	1243494848	1243495360	[25]
227	1243495296	1243495808	[25]
228	1243495744	1243496256	[25]
229	1243496192	1243496704	[25,26]
230	1243496640	1243497152	[26]
231	1243497088	1243497600	[26]
232	1243497536	1243498048	[26]
233	1243497984	1243498496	[26]
234	1243498432	1243498944	[26]
235	1243498880	1243499392	[26]
236	1243499328	1243499840	[26]
237	1243499776	1243500288	[26]
238	1243500224	1243500736	[26,27]
239	1243500672	1243501184	[27]
240	1243501120	1243501632	[27]
241	1243501568	1243502080	[27]
242	1243502016	1243502528	[27]
243	1243502464	1243502976	[27]
244	1243502912	1243503424	[27]
245	1243503360	1243503872	[27]
246	1243503808	1243504320	[27]
247	1243504256	1243504768	[27,28]
248	1243504704	1243505216	[28]
249	1243505152	1243505664	[28]
250	1243505600	1243506112	[28]
251	1243506048	1243506560	[28]
252	1243506496	1243507008	[28]
253	1243506944	1243507456	[28]
254	1243507392	1243507904	[28]
255	1243507840	1243508352	[28]
256	1243508288	1243508736	[28]
257	1258631168	1258631680	[29]
258	1258631616	1258632128	[29]
259	1258632064	1258632576	[29]
260	1258632512	1258633024	[29]
261	1258632960	1258633472	[29]
262	1258633408	1258633920	[29]
263	1258633856	1258634368	[29]
264	1258634304	1258634816	[29]
265	1258634752	1258635264	[29]
266	1258635200	1258635712	[29,30]
267	1258635648	1258636160	[30]
268	1258636096	1258636608	[30]
269	1258636544	1258637056	[30]
270	1258636992	1258637504	[30]
271	1258637440	1258637952	[30]
272	1258637888	1258638400	[30]
273	1258638336	1258638848	[30]
274	1258638784	1258639296	[30]
275	1258639232	1258639744	[30,31]
276	1258639680	1258640192	[31]
277	1258640128	1258640640	[31]
278	1258640576	1258641088	[31]
279	1258641024	1258641536	[31]
280	1258641472	1258641984	[31]
281	1258641920	1258642432	[31]
282	1258642368	1258642880	[31]
283	1258642816	1258643328	[31]
284	1258643264	1258643776	[31,32]
285	1258643712	1258644224	[32]
286	1258644160	1258644672	[32]
287	1258644608	1258645120	[32]
288	1258645056	1258645568	[32]
289	1258645504	1258646016	[32]
290	1258645952	1258646464	[32]
291	1258646400	1258646912	[32]
292	1258646848	1258647360	[32]
293	1258647296	1258647808	[32,33]
294	1258647744	1258648256	[33]
295	1258648192	1258648704	[33]
296	1258648640	1258649152	[33]
297	1258649088	1258649600	[33]
298	1258649536	1258650048	[33]
299	1258649984	1258650496	[33]
300	1258650432	1258650944	[33]
301	1258650880	1258651392	[33]
302	1258651328	1258651840	[33,34]
303	1258651776	1258652288	[34]
304	1258652224	1258652736	[34]
305	1258652672	1258653184	[34]
306	1258653120	1258653632	[34]
307	1258653568	1258654080	[34]
308	1258654016	1258654528	[34]
309	1258654464	1258654976	[34]
310	1258654912	1258655424	[34]
311	1258655360	1258655872	[34,35]
312	1258655808	1258656320	[35]
313	1258656256	1258656768	[35]
314	1258656704	1258657216	[35]
315	1258657152	1258657664	[35]
316	1258657600	1258658112	[35]
317	1258658048	1258658560	[35]
318	1258658496	1258659008	[35]
319	1258658944	1258659456	[35]
320	1258659392	1258659904	[35,36]
321	1258659840	1258660352	[36]
322	1258660288	1258660800	[36]
323	1258660736	1258661248	[36]
324	1258661184	1258661696	[36]
325	1258661632	1258662144	[36]
326	1258662080	1258662592	[36]
327	1258662528	1258663040	[36]
328	1258662976	1258663488	[36]
329	1258663424	1258663936	[36]
330	1258663872	1258664384	[36,37]
331	1258664320	1258664832	[37]
332	1258664768	1258665280	[37]
333	1258665216	1258665728	[37]
334	1258665664	1258666176	[37]
335	1258666112	1258666624	[37]
336	1258666560	1258667072	[37]
337	1258667008	1258667520	[37]
338	1258667456	1258667968	[37]
339	1258667904	1258668416	[37,38]
340	1258668352	1258668864	[38]
341	1258668800	1258669312	[38]
342	1258669248	1258669760	[38]
343	1258669696	1258670208	[38]
344	1258670144	1258670656	[38]
345	1258670592	1258671104	[38]
346	1258671040	1258671552	[38]
347	1258671488	1258672000	[38]
348	1258671936	1258672448	[38,39]
349	1258672384	1258672896	[39]
350	1258672832	1258673344	[39]
351	1258673280	1258673792	[39]
352	1258673728	1258674240	[39]
353	1258674176	1258674688	[39]
354	1258674624	1258675136	[39]
355	1258675072	1258675584	[39]
356	1258675520	1258676032	[39]
357	1258675968	1258676480	[39,40]
358	1258676416	1258676928	[40]
359	1258676864	1258677376	[40]
360	1258677312	1258677824	[40]
361	1258677760	1258678272	[40]
362	1258678208	1258678720	[40]
363	1258678656	1258679168	[40]
364	1258679104	1258679616	[40]
365	1258679552	1258680064	[40]
366	1258680000	1258680512	[40,41]
367	1258680448	1258680960	[41]
368	1258680896	1258681408	[41]
369	1258681344	1258681856	[41]
370	1258681792	1258682304	[41]
371	1258682240	1258682752	[41]
372	1258682688	1258683200	[41]
373	1258683136	1258683648	[41]
374	1258683584	1258684096	[41]
375	1258684032	1258684544	[41,42]
376	1258684480	1258684992	[42]
377	1258684928	1258685440	[42]
378	1258685376	1258685888	[42]
379	1258685824	1258686336	[42]
380	1258686272	1258686784	[42]
381	1258686720	1258687232	[42]
382	1258687168	1258687680	[42]
383	1258687616	1258688128	[42]
384	1258688064	1258688576	[42,43]
385	1258688512	1258689024	[43]
386	1258688960	1258689472	[43]
387	1258689408	1258689920	[43]
388	1258689856	1258690368	[43]
389	1258690304	1258690816	[43]
390	1258690752	1258691264	[43]
391	1258691200	1258691712	[43]
392	1258691648	1258692160	[43]
393	1258692096	1258692608	[43]
394	1258692544	1258693056	[43,44]
395	1258692992	1258693504	[44]
396	1258693440	1258693952	[44]
397	1258693888	1258694400	[44]
398	1258694336	1258694848	[44]
399	1258694784	1258695296	[44]
400	1258695232	1258695744	[44]
401	1258695680	1258696192	[44]
402	1258696128	1258696640	[44]
403	1258696576	1258697088	[44,45]
404	1258697024	1258697536	[45]
405	1258697472	1258697984	[45]
406	1258697920	1258698432	[45]
407	1258698368	1258698880	[45]
408	1258698816	1258699328	[45]
409	1258699264	1258699776	[45]
410	1258699712	1258700224	[45]
411	1258700160	1258700672	[45]
412	1258700608	1258701120	[45,46]
413	1258701056	1258701568	[46]
414	1258701504	1258702016	[46]
415	1258701952	1258702464	[46]
416	1258702400	1258702912	[46]
417	1258702848	1258703360	[46]
418	1258703296	1258703808	[46]
419	1258703744	1258704256	[46]
420	1258704192	1258704704	[46]
421	1258704640	1258705152	[46,47]
422	1258705088	1258705600	[47]
423	1258705536	1258706048	[47]
424	1258705984	1258706496	[47]
425	1258706432	1258706944	[47]
426	1258706880	1258707392	[47]
427	1258707328	1258707840	[47]
428	1258707776	1258708288	[47]
429	1258708224	1258708736	[47]
430	1258708672	1258709184	[47,48]
431	1258709120	1258709632	[48]
432	1258709568	1258710080	[48]
433	1258710016	1258710528	[48]
434	1258710464	1258710976	[48]
435	1258710912	1258711424	[48]
436	1258711360	1258711872	[48]
437	1258711808	1258712320	[48]
438	1258712256	1258712768	[48]
439	1258712704	1258713216	[48,49]
440	1258713152	1258713664	[49]
441	1258713600	1258714112	[49]
442	1258714048	1258714560	[49]
443	1258714496	1258715008	[49]
444	1258714944	1258715456	[49]
445	1258715392	1258715904	[49]
446	1258715840	1258716352	[49]
447	1258716288	1258716800	[49]
448	1258716736	1258717248	[49,50]
449	1258717184	1258717696	[50]
450	1258717632	1258718144	[50]
451	1258718080	1258718592	[50]
452	1258718528	1258719040	[50]
453	1258718976	1258719488	[50]
454	1258719424	1258719936	[50]
455	1258719872	1258720384	[50]
456	1258720320	1258720832	[50]
457	1258720768	1258721280	[50]
458	1258721216	1258721728	[50,51]
459	1258721664	1258722176	[51]
460	1258722112	1258722624	[51]
461	1258722560	1258723072	[51]
462	1258723008	1258723520	[51]
463	1258723456	1258723968	[51]
464	1258723904	1258724416	[51]
465	1258724352	1258724864	[51]
466	1258724800	1258725312	[51]
467	1258725248	1258725760	[51,52]
468	1258725696	1258726208	[52]
469	1258726144	1258726656	[52]
470	1258726592	1258727104	[52]
471	1258727040	1258727552	[52]
472	1258727488	1258728000	[52]
473	1258727936	1258728448	[52]
474	1258728384	1258728896	[52]
475	1258728832	1258729344	[52]
476	1258729280	1258729792	[52,53]
477	1258729728	1258730240	[53]
478	1258730176	1258730688	[53]
479	1258730624	1258731136	[53]
480	1258731072	1258731584	[53]
481	1258731520	1258732032	[53]
482	1258731968	1258732480	[53]
483	1258732416	1258732928	[53]
484	1258732864	1258733376	[53]
485	1258733312	1258733824	[53,54]
486	1258733760	1258734272	[54]
487	1258734208	1258734720	[54]
488	1258734656	1258735168	[54]
489	1258735104	1258735616	[54]
490	1258735552	1258736064	[54]
491	1258736000	1258736512	[54]
492	1258736448	1258736960	[54]
493	1258736896	1258737408	[54]
494	1258737344	1258737856	[54,55]
495	1258737792	1258738304	[55]
496	1258738240	1258738752	[55]
497	1258738688	1258739200	[55]
498	1258739136	1258739648	[55]
499	1258739584	1258740096	[55]
500	1258740032	1258740544	[55]
501	1258740480	1258740992	[55]
502	1258740928	1258741440	[55]
503	1258741376	1258741888	[55,56]
504	1258741824	1258742336	[56]
505	1258742272	1258742784	[56]
506	1258742720	1258743232	[56]
507	1258743168	1258743680	[56]
508	1258743616	1258744128	[56]
509	1258744064	1258744576	[56]
510	1258744512	1258745024	[56]
511	1258744960	1258745472	[56]
512	1258745408	1258745920	[56,57]
513	1258745856	1258746368	[57]
514	1258746304	1258746816	[57]
515	1258746752	1258747264	[57]
516	1258747200	1258747712	[57]
517	1258747648	1258748160	[57]
518	1258748096	1258748608	[57]
519	1258748544	1258749056	[57]
520	1258748992	1258749504	[57]
521	1258749440	1258749952	[57]
522	1127002112	1127002624	[58]
523	1127002560	1127003072	[58]
524	1127003008	1127003520	[58]
525	1127003456	1127003968	[58]
526	1127003904	1127004416	[58]
527	1127004352	1127004864	[58]
528	1127004800	1127005312	[58]
529	1127005248	1127005760	[58]
530	1127005696	1127006208	[58]
531	1127006144	1127006656	[58,59]
532	1127006592	1127007104	[59]
533	1127007040	1127007552	[59]
534	1127007488	1127008000	[59]
535	1127007936	1127008448	[59]
536	1127008384	1127008896	[59]
537	1127008832	1127009344	[59]
538	1127009280	1127009792	[59]
539	1127009728	1127010240	[59]
540	1127010176	1127010688	[59,60]
541	1127010624	1127011136	[60]
542	1127011072	1127011584	[60]
543	1127011520	1127012032	[60]
544	1127011968	1127012480	[60]
545	1127012416	1127012928	[60]
546	1127012864	1127013376	[60]
547	1127013312	1127013824	[60]
548	1127013760	1127014272	[60]
549	1127014208	1127014720	[60,61]
550	1127014656	1127015168	[61]
551	1127015104	1127015616	[61]
552	1127015552	1127016064	[61]
553	1127016000	1127016512	[61]
554	1127016448	1127016960	[61]
555	1127016896	1127017408	[61]
556	1127017344	1127017856	[61]
557	1127017792	1127018304	[61]
558	1127018240	1127018752	[61,62]
559	1127018688	1127019200	[62]
560	1127019136	1127019648	[62]
561	1127019584	1127020096	[62]
562	1127020032	1127020544	[62]
563	1127020480	1127020992	[62]
564	1127020928	1127021440	[62]
565	1127021376	1127021888	[62]
566	1127021824	1127022336	[62]
567	1127022272	1127022784	[62,63]
568	1127022720	1127023232	[63]
569	1127023168	1127023680	[63]
570	1127023616	1127024128	[63]
571	1127024064	1127024576	[63]
572	1127024512	1127025024	[63]
573	1127024960	1127025472	[63]
574	1127025408	1127025920	[63]
575	1127025856	1127026368	[63]
576	1127026304	1127026816	[63,64]
577	1127026752	1127027264	[64]
578	1127027200	1127027712	[64]
579	1127027648	1127028160	[64]
580	1127028096	1127028608	[64]
581	1127028544	1127029056	[64]
582	1127028992	1127029504	[64]
583	1127029440	1127029952	[64]
584	1127029888	1127030400	[64]
585	1127030336	1127030848	[64,65]
586	1127030784	1127031296	[65]
587	1127031232	1127031744	[65]
588	1127031680	1127032192	[65]
589	1127032128	1127032640	[65]
590	1127032576	1127033088	[65]
591	1127033024	1127033536	[65]
592	1127033472	1127033984	[65]
593	1127033920	1127034432	[65]
594	1127034368	1127034880	[65]
595	1127034816	1127035328	[65,66]
596	1127035264	1127035776	[66]
597	1127035712	1127036224	[66]
598	1127036160	1127036672	[66]
599	1127036608	1127037120	[66]
600	1127037056	1127037568	[66]
601	1127037504	1127038016	[66]
602	1127037952	1127038464	[66]
603	1127038400	1127038912	[66]
604	1127038848	1127039360	[66,67]
605	1127039296	1127039808	[67]
606	1127039744	1127040256	[67]
607	1127040192	1127040704	[67]
608	1127040640	1127041152	[67]
609	1127041088	1127041600	[67]
610	1127041536	1127042048	[67]
611	1127041984	1127042496	[67]
612	1127042432	1127042944	[67]
613	1127042880	1127043392	[67,68]
614	1127043328	1127043840	[68]
615	1127043776	1127044288	[68]
616	1127044224	1127044736	[68]
617	1127044672	1127045184	[68]
618	1127045120	1127045632	[68]
619	1127045568	1127046080	[68]
620	1127046016	1127046528	[68]
621	1127046464	1127046976	[68]
622	1127046912	1127047168	[68]
623	1171222528	1171223040	[69]
624	1171222976	1171223488	[69]
625	1171223424	1171223936	[69]
626	1171223872	1171224384	[69]
627	1171224320	1171224832	[69]
628	1171224768	1171225280	[69]
629	1171225216	1171225728	[69]
630	1171225664	1171226176	[69]
631	1171226112	1171226624	[69]
632	1171226560	1171227072	[69,70]
633	1171227008	1171227520	[70]
634	1171227456	1171227968	[70]
635	1171227904	1171228416	[70]
636	1171228352	1171228864	[70]
637	1171228800	1171229312	[70]
638	1171229248	1171229760	[70]
639	1171229696	1171230208	[70]
640	1171230144	1171230656	[70]
641	1171230592	1171231104	[70,71]
642	1171231040	1171231552	[71]
643	1171231488	1171232000	[71]
644	1171231936	1171232448	[71]
645	1171232384	1171232896	[71]
646	1171232832	1171233344	[71]
647	1171233280	1171233792	[71]
648	1171233728	1171234240	[71]
649	1171234176	1171234688	[71]
650	1171234624	1171235136	[71,72]
651	1171235072	1171235584	[72]
652	1171235520	1171236032	[72]
653	1171235968	1171236480	[72]
654	1171236416	1171236928	[72]
655	1171236864	1171237376	[72]
656	1171237312	1171237824	[72]
657	1171237760	1171238272	[72]
658	1171238208	1171238720	[72]
659	1171238656	1171239168	[72,73]
660	1171239104	1171239616	[73]
661	1171239552	1171240064	[73]
662	1171240000	1171240512	[73]
663	1171240448	1171240960	[73]
664	1171240896	1171241408	[73]
665	1171241344	1171241856	[73]
666	1171241792	1171242304	[73]
667	1171242240	1171242752	[73]
668	1171242688	1171243200	[73,74]
669	1171243136	1171243648	[74]
670	1171243584	1171244096	[74]
671	1171244032	1171244544	[74]
672	1171244480	1171244992	[74]
673	1171244928	1171245440	[74]
674	1171245376	1171245888	[74]
675	1171245824	1171246336	[74]
676	1171246272	1171246784	[74]
677	1171246720	1171247232	[74,75]
678	1171247168	1171247680	[75]
679	1171247616	1171248128	[75]
680	1171248064	1171248576	[75]
681	1171248512	1171249024	[75]
682	1171248960	1171249472	[75]
683	1171249408	1171249920	[75]
684	1171249856	1171250368	[75]
685	1171250304	1171250816	[75]
686	1171250752	1171251264	[75,76]
687	1171251200	1171251712	[76]
688	1171251648	1171252160	[76]
689	1171252096	1171252608	[76]
690	1171252544	1171253056	[76]
691	1171252992	1171253504	[76]
692	1171253440	1171253952	[76]
693	1171253888	1171254400	[76]
694	1171254336	1171254848	[76]
695	1171254784	1171255296	[76]
696	1171255232	1171255744	[76,77]
697	1171255680	1171256192	[77]
698	1171256128	1171256640	[77]
699	1171256576	1171257088	[77]
700	1171257024	1171257536	[77]
701	1171257472	1171257984	[77]
702	1171257920	1171258432	[77]
703	1171258368	1171258880	[77]
704	1171258816	1171259328	[77]
705	1171259264	1171259776	[77,78]
706	1171259712	1171260224	[78]
707	1171260160	1171260672	[78]
708	1171260608	1171261120	[78]
709	1171261056	1171261568	[78]
710	1171261504	1171262016	[78]
711	1171261952	1171262464	[78]
712	1171262400	1171262912	[78]
713	1171262848	1171263360	[78]
714	1171263296	1171263488	[78]
715	1246453760	1246454272	[79]
716	1246454208	1246454720	[79]
717	1246454656	1246455168	[79]
718	1246455104	1246455616	[79]
719	1246455552	1246456064	[79]
720	1246456000	1246456512	[79]
721	1246456448	1246456960	[79]
722	1246456896	1246457408	[79]
723	1246457344	1246457856	[79]
724	1246457792	1246458304	[79,80]
725	1246458240	1246458752	[80]
726	1246458688	1246459200	[80]
727	1246459136	1246459648	[80]
728	1246459584	1246460096	[80]
729	1246460032	1246460544	[80]
730	1246460480	1246460992	[80]
731	1246460928	1246461440	[80]
732	1246461376	1246461888	[80]
733	1246461824	1246462336	[80,81]
734	1246462272	1246462784	[81]
735	1246462720	1246463232	[81]
736	1246463168	1246463680	[81]
737	1246463616	1246464128	[81]
738	1246464064	1246464576	[81]
739	1246464512	1246465024	[81]
740	1246464960	1246465472	[81]
741	1246465408	1246465920	[81]
742	1246465856	1246466368	[81,82]
743	1246466304	1246466816	[82]
744	1246466752	1246467264	[82]
745	1246467200	1246467712	[82]
746	1246467648	1246468160	[82]
747	1246468096	1246468608	[82]
748	1246468544	1246469056	[82]
749	1246468992	1246469504	[82]
750	1246469440	1246469952	[82]
751	1246469888	1246470400	[82,83]
752	1246470336	1246470848	[83]
753	1246470784	1246471296	[83]
754	1246471232	1246471744	[83]
755	1246471680	1246472192	[83]
756	1246472128	1246472640	[83]
757	1246472576	1246473088	[83]
758	1246473024	1246473536	[83]
759	1246473472	1246473984	[83]
760	1246473920	1246474432	[83,84]
761	1246474368	1246474880	[84]
762	1246474816	1246475328	[84]
763	1246475264	1246475776	[84]
764	1246475712	1246476224	[84]
765	1246476160	1246476672	[84]
766	1246476608	1246477120	[84]
767	1246477056	1246477568	[84]
768	1246477504	1246478016	[84]
769	1246477952	1246478464	[84,85]
770	1246478400	1246478912	[85]
771	1246478848	1246479360	[85]
772	1246479296	1246479808	[85]
773	1246479744	1246480256	[85]
774	1246480192	1246480704	[85]
775	1246480640	1246481152	[85]
776	1246481088	1246481600	[85]
777	1246481536	1246482048	[85]
778	1246481984	1246482496	[85,86]
779	1246482432	1246482944	[86]
780	1246482880	1246483392	[86]
781	1246483328	1246483840	[86]
782	1246483776	1246484288	[86]
783	1246484224	1246484736	[86]
784	1246484672	1246485184	[86]
785	1246485120	1246485632	[86]
786	1246485568	1246486080	[86]
787	1246486016	1246486528	[86]
788	1246486464	1246486976	[86,87]
789	1246486912	1246487424	[87]
790	1246487360	1246487872	[87]
791	1246487808	1246488320	[87]
792	1246488256	1246488768	[87]
793	1246488704	1246489216	[87]
794	1246489152	1246489664	[87]
795	1246489600	1246490112	[87]
796	1246490048	1246490560	[87]
797	1246490496	1246491008	[87,88]
798	1246490944	1246491456	[88]
799	1246491392	1246491904	[88]
800	1246491840	1246492352	[88]
801	1246492288	1246492800	[88]
802	1246492736	1246493248	[88]
803	1246493184	1246493696	[88]
804	1246493632	1246494144	[88]
805	1246494080	1246494592	[88]
806	1246494528	1246495040	[88,89]
807	1246494976	1246495488	[89]
808	1246495424	1246495936	[89]
809	1246495872	1246496384	[89]
810	1246496320	1246496832	[89]
811	1246496768	1246497280	[89]
812	1246497216	1246497728	[89]
813	1246497664	1246498176	[89]
814	1246498112	1246498624	[89]
815	1246498560	1246499072	[89,90]
816	1246499008	1246499520	[90]
817	1246499456	1246499968	[90]
818	1246499904	1246500416	[90]
819	1246500352	1246500864	[90]
820	1246500800	1246501312	[90]
821	1246501248	1246501760	[90]
822	1246501696	1246502208	[90]
823	1246502144	1246502656	[90]
824	1246502592	1246503104	[90,91]
825	1246503040	1246503552	[91]
826	1246503488	1246504000	[91]
827	1246503936	1246504448	[91]
828	1246504384	1246504896	[91]
829	1246504832	1246505344	[91]
830	1246505280	1246505792	[91]
831	1246505728	1246506240	[91]
832	1246506176	1246506688	[91]
833	1246506624	1246507136	[91,92]
834	1246507072	1246507584	[92]
835	1246507520	1246508032	[92]
836	1246507968	1246508480	[92]
837	1246508416	1246508928	[92]
838	1246508864	1246509376	[92]
839	1246509312	1246509824	[92]
840	1246509760	1246510272	[92]
841	1246510208	1246510720	[92]
842	1246510656	1246511168	[92,93]
843	1246511104	1246511616	[93]
844	1246511552	1246512064	[93]
845	1246512000	1246512512	[93]
846	1246512448	1246512960	[93]
847	1246512896	1246513408	[93]
848	1246513344	1246513856	[93]
849	1246513792	1246514304	[93]
850	1246514240	1246514752	[93]
851	1246514688	1246515200	[93]
852	1246515136	1246515648	[93,94]
853	1246515584	1246516096	[94]
854	1246516032	1246516544	[94]
855	1246516480	1246516992	[94]
856	1246516928	1246517440	[94]
857	1246517376	1246517888	[94]
858	1246517824	1246518336	[94]
859	1246518272	1246518784	[94]
860	1246518720	1246519232	[94]
861	1246519168	1246519680	[94,95]
862	1246519616	1246520128	[95]
863	1246520064	1246520576	[95]
864	1246520512	1246521024	[95]
865	1246520960	1246521472	[95]
866	1246521408	1246521920	[95]
867	1246521856	1246522368	[95]
868	1246522304	1246522816	[95]
869	1246522752	1246523264	[95]
870	1246523200	1246523712	[95,96]
871	1246523648	1246524160	[96]
872	1246524096	1246524608	[96]
873	1246524544	1246525056	[96]
874	1246524992	1246525504	[96]
875	1246525440	1246525952	[96]
876	1246525888	1246526400	[96]
877	1246526336	1246526848	[96]
878	1246526784	1246527296	[96]
879	1246527232	1246527744	[96,97]
880	1246527680	1246528192	[97]
881	1246528128	1246528640	[97]
882	1246528576	1246529088	[97]
883	1246529024	1246529536	[97]
884	1246529472	1246529984	[97]
885	1246529920	1246530432	[97]
886	1246530368	1246530880	[97]
887	1246530816	1246531328	[97]
888	1246531264	1246531776	[97,98]
889	1246531712	1246532224	[98]
890	1246532160	1246532672	[98]
891	1246532608	1246533120	[98]
892	1246533056	1246533568	[98]
893	1246533504	1246534016	[98]
894	1246533952	1246534464	[98]
895	1246534400	1246534912	[98]
896	1246534848	1246535360	[98]
897	1246535296	1246535808	[98,99]
898	1246535744	1246536256	[99]
899	1246536192	1246536704	[99]
900	1246536640	1246537152	[99]
901	1246537088	1246537600	[99]
902	1246537536	1246538048	[99]
903	1246537984	1246538496	[99]
904	1246538432	1246538944	[99]
905	1246538880	1246539392	[99]
906	1246539328	1246539840	[99,100]
907	1246539776	1246540288	[100]
908	1246540224	1246540736	[100]
909	1246540672	1246541184	[100]
910	1246541120	1246541632	[100]
911	1246541568	1246542080	[100]
912	1246542016	1246542528	[100]
913	1246542464	1246542976	[100]
914	1246542912	1246543424	[100]
915	1246543360	1246543872	[100]
916	1260441600	1260442112	[101]
917	1260442048	1260442560	[101]
918	1260442496	1260443008	[101]
919	1260442944	1260443456	[101]
920	1260443392	1260443904	[101]
921	1260443840	1260444352	[101]
922	1260444288	1260444800	[101]
923	1260444736	1260445248	[101]
924	1260445184	1260445696	[101]
925	1260445632	1260446144	[101,102]
926	1260446080	1260446592	[102]
927	1260446528	1260447040	[102]
928	1260446976	1260447488	[102]
929	1260447424	1260447936	[102]
930	1260447872	1260448384	[102]
931	1260448320	1260448832	[102]
932	1260448768	1260449280	[102]
933	1260449216	1260449728	[102]
934	1260449664	1260450176	[102,103]
935	1260450112	1260450624	[103]
936	1260450560	1260451072	[103]
937	1260451008	1260451520	[103]
938	1260451456	1260451968	[103]
939	1260451904	1260452416	[103]
940	1260452352	1260452864	[103]
941	1260452800	1260453312	[103]
942	1260453248	1260453760	[103]
943	1260453696	1260454208	[103,104]
944	1260454144	1260454656	[104]
945	1260454592	1260455104	[104]
946	1260455040	1260455552	[104]
947	1260455488	1260456000	[104]
948	1260455936	1260456448	[104]
949	1260456384	1260456896	[104]
950	1260456832	1260457344	[104]
951	1260457280	1260457792	[104]
952	1260457728	1260458240	[104,105]
953	1260458176	1260458688	[105]
954	1260458624	1260459136	[105]
955	1260459072	1260459584	[105]
956	1260459520	1260460032	[105]
957	1260459968	1260460480	[105]
958	1260460416	1260460928	[105]
959	1260460864	1260461376	[105]
960	1260461312	1260461824	[105]
961	1260461760	1260462272	[105,106]
962	1260462208	1260462720	[106]
963	1260462656	1260463168	[106]
964	1260463104	1260463616	[106]
965	1260463552	1260464064	[106]
966	1260464000	1260464512	[106]
967	1260464448	1260464960	[106]
968	1260464896	1260465408	[106]
969	1260465344	1260465856	[106]
970	1260465792	1260466304	[106,107]
971	1260466240	1260466752	[107]
972	1260466688	1260467200	[107]
973	1260467136	1260467648	[107]
974	1260467584	1260468096	[107]
975	1260468032	1260468544	[107]
976	1260468480	1260468992	[107]
977	1260468928	1260469440	[107]
978	1260469376	1260469888	[107]
979	1260469824	1260470336	[107,108]
980	1260470272	1260470784	[108]
981	1260470720	1260471232	[108]
982	1260471168	1260471680	[108]
983	1260471616	1260472128	[108]
984	1260472064	1260472576	[108]
985	1260472512	1260473024	[108]
986	1260472960	1260473472	[108]
987	1260473408	1260473920	[108]
988	1260473856	1260474368	[108]
989	1260474304	1260474816	[108,109]
990	1260474752	1260475264	[109]
991	1260475200	1260475712	[109]
992	1260475648	1260476160	[109]
993	1260476096	1260476608	[109]
994	1260476544	1260477056	[109]
995	1260476992	1260477504	[109]
996	1260477440	1260477952	[109]
997	1260477888	1260478400	[109]
998	1260478336	1260478848	[109,110]
999	1260478784	1260479296	[110]
1000	1260479232	1260479744	[110]
1001	1260479680	1260480192	[110]
1002	1260480128	1260480640	[110]
1003	1260480576	1260481088	[110]
1004	1260481024	1260481536	[110]
1005	1260481472	1260481984	[110]
1006	1260481920	1260482432	[110]
1007	1260482368	1260482880	[110,111]
1008	1260482816	1260483328	[111]
1009	1260483264	1260483776	[111]
1010	1260483712	1260484224	[111]
1011	1260484160	1260484672	[111]
1012	1260484608	1260485120	[111]
1013	1260485056	1260485568	[111]
1014	1260485504	1260486016	[111]
1015	1260485952	1260486464	[111]
1016	1260486400	1260486912	[111,112]
1017	1260486848	1260487360	[112]
1018	1260487296	1260487808	[112]
1019	1260487744	1260488256	[112]
1020	1260488192	1260488704	[112]
1021	1260488640	1260489152	[112]
1022	1260489088	1260489600	[112]
1023	1260489536	1260490048	[112]
1024	1260489984	1260490496	[112]
1025	1260490432	1260490944	[112,113]
1026	1260490880	1260491392	[113]
1027	1260491328	1260491840	[113]
1028	1260491776	1260492288	[113]
1029	1260492224	1260492736	[113]
1030	1260492672	1260493184	[113]
1031	1260493120	1260493632	[113]
1032	1260493568	1260494080	[113]
1033	1260494016	1260494528	[113]
1034	1260494464	1260494976	[113,114]
1035	1260494912	1260495424	[114]
1036	1260495360	1260495872	[114]
1037	1260495808	1260496320	[114]
1038	1260496256	1260496768	[114]
1039	1260496704	1260497216	[114]
1040	1260497152	1260497664	[114]
1041	1260497600	1260498112	[114]
1042	1260498048	1260498560	[114]
1043	1260498496	1260499008	[114,115]
1044	1260498944	1260499456	[115]
1045	1260499392	1260499904	[115]
1046	1260499840	1260500352	[115]
1047	1260500288	1260500800	[115]
1048	1260500736	1260501248	[115]
1049	1260501184	1260501696	[115]
1050	1260501632	1260502144	[115]
1051	1260502080	1260502592	[115]
1052	1260502528	1260503040	[115]
1053	1260502976	1260503488	[115,116]
1054	1260503424	1260503936	[116]
1055	1260503872	1260504384	[116]
1056	1260504320	1260504832	[116]
1057	1260504768	1260505280	[116]
1058	1260505216	1260505728	[116]
1059	1260505664	1260506176	[116]
1060	1260506112	1260506624	[116]
1061	1260506560	1260507072	[116]
1062	1260507008	1260507520	[116,117]
1063	1260507456	1260507968	[117]
1064	1260507904	1260508416	[117]
1065	1260508352	1260508864	[117]
1066	1260508800	1260509312	[117]
1067	1260509248	1260509760	[117]
1068	1260509696	1260510208	[117]
1069	1260510144	1260510656	[117]
1070	1260510592	1260511104	[117]
1071	1260511040	1260511552	[117,118]
1072	1260511488	1260512000	[118]
1073	1260511936	1260512448	[118]
1074	1260512384	1260512896	[118]
1075	1260512832	1260513344	[118]
1076	1260513280	1260513792	[118]
1077	1260513728	1260514240	[118]
1078	1260514176	1260514688	[118]
1079	1260514624	1260515136	[118]
1080	1260515072	1260515584	[118,119]
1081	1260515520	1260516032	[119]
1082	1260515968	1260516480	[119]
1083	1260516416	1260516928	[119]
1084	1260516864	1260517376	[119]
1085	1260517312	1260517824	[119]
1086	1260517760	1260518272	[119]
1087	1260518208	1260518720	[119]
1088	1260518656	1260519168	[119]
1089	1260519104	1260519616	[119,120]
1090	1260519552	1260520064	[120]
1091	1260520000	1260520512	[120]
1092	1260520448	1260520960	[120]
1093	1260520896	1260521408	[120]
1094	1260521344	1260521856	[120]
1095	1260521792	1260522304	[120]
1096	1260522240	1260522752	[120]
1097	1260522688	1260523200	[120]
1098	1260523136	1260523648	[120,121]
1099	1260523584	1260524096	[121]
1100	1260524032	1260524544	[121]
1101	1260524480	1260524992	[121]
1102	1260524928	1260525440	[121]
1103	1260525376	1260525888	[121]
1104	1260525824	1260526336	[121]
1105	1260526272	1260526784	[121]
1106	1260526720	1260527232	[121]
1107	1260527168	1260527680	[121,122]
1108	1260527616	1260528128	[122]
1109	1260528064	1260528576	[122]
1110	1260528512	1260529024	[122]
1111	1260528960	1260529472	[122]
1112	1260529408	1260529920	[122]
1113	1260529856	1260530368	[122]
1114	1260530304	1260530816	[122]
1115	1260530752	1260531264	[122]
1116	1260531200	1260531712	[122]
1117	1260531648	1260532160	[122,123]
1118	1260532096	1260532608	[123]
1119	1260532544	1260533056	[123]
1120	1260532992	1260533504	[123]
1121	1260533440	1260533952	[123]
1122	1260533888	1260534400	[123]
1123	1260534336	1260534848	[123]
1124	1260534784	1260535296	[123]
1125	1260535232	1260535744	[123]
1126	1260535680	1260536192	[123,124]
1127	1260536128	1260536640	[124]
1128	1260536576	1260537088	[124]
1129	1260537024	1260537536	[124]
1130	1260537472	1260537984	[124]
1131	1260537920	1260538432	[124]
1132	1260538368	1260538880	[124]
1133	1260538816	1260539328	[124]
1134	1260539264	1260539776	[124]
1135	1260539712	1260539904	[124]
