198	-0.178477	-0.332355	180.748779	9.513018
300	-0.182630	-0.359407	232.848389	12.144729
62	-0.191533	-0.375921	112.929688	11.294406
174	-0.204938	-0.398147	229.082520	11.425730
407	-0.252055	-0.411083	298.805176	9.555467
258	-0.185072	-0.363937	338.724854	25.113192
103	-0.179540	-0.353677	265.056885	24.839245
101	-0.196463	-0.385063	169.991699	27.179241
436	-0.190638	-0.374260	278.657715	25.376874
270	-0.212377	-0.414574	161.942139	25.124411
213	-0.184211	-0.362340	284.483887	27.891759
321	-0.206737	-0.404116	238.598877	16.425325
77	-0.199546	-0.390782	237.318848	11.516651
178	-0.194756	-0.381899	204.911377	25.892421
115	-0.306085	-0.451063	202.249512	11.695847
299	-0.241809	-0.437679	340.673584	12.193282
302	-0.321645	-0.491575	252.943359	12.751572
448	-0.288889	-0.413792	274.002686	8.981079
182	-0.182323	-0.358839	139.117188	9.165893
402	-0.194593	-0.371885	162.568359	9.601711
135	-0.176366	-0.345841	209.750244	9.456451
121	-0.211961	-0.413756	119.625977	9.108496
100	-0.274527	-0.472752	106.349854	7.746093
42	-0.262400	-0.421784	143.332275	9.518964
278	-0.223682	-0.435532	309.006836	7.440514
388	-0.198424	-0.388700	313.874512	29.183585
142	-0.172113	-0.339897	289.469482	18.192791
286	-0.189429	-0.372018	110.192627	31.004321
119	-0.209282	-0.408835	103.608398	15.246691
139	-0.265663	-0.439539	124.468262	24.604134
431	-0.200106	-0.391820	218.552979	26.149958
17	-0.197638	-0.387244	129.030029	26.017203
55	-0.187295	-0.368061	111.511963	17.209580
392	-0.208411	-0.407220	275.923584	18.044763
104	-0.208446	-0.407285	189.003174	30.245246
283	-0.196248	-0.384665	193.662354	381.100679
95	-0.202532	-0.396319	222.911377	108.161670
3	-0.198022	-0.365597	314.131348	392.443621
263	-0.184270	-0.362450	264.685303	413.047014
301	-0.193621	-0.379793	335.067139	299.982631
239	-0.190404	-0.373827	208.473877	350.913466
27	-0.184167	-0.362259	253.971436	366.855529
383	-0.188355	-0.370026	140.745117	278.854553
161	-0.191067	-0.375057	260.616943	230.371257
7	-0.228511	-0.379951	225.793945	184.977152
434	-0.198497	-0.388837	258.782471	205.947024
421	-0.208403	-0.407205	256.473145	103.249845
423	-0.207941	-0.406349	143.308838	234.682826
251	-0.179264	-0.353165	111.335693	84.220030
443	-0.205557	-0.401927	246.452393	180.499794
377	-0.190900	-0.374747	199.636230	188.124394
410	-0.192807	-0.378283	218.378174	381.260382
257	-0.194635	-0.381674	243.877930	326.871412
50	-0.263416	-0.487906	235.194824	10.698392
393	-0.248098	-0.480793	259.393066	11.686001
71	-0.250072	-0.484452	167.743408	10.316762
372	-0.391199	-0.683399	112.967285	10.272521
445	-0.235852	-0.455818	343.995605	9.971666
57	-0.229376	-0.446089	229.110107	9.207290
189	-0.241412	-0.468400	232.874512	12.013702
349	-0.141965	-0.283900	281.540039	8.457984
379	-0.571348	-0.871780	180.796631	11.044964
266	-0.287443	-0.553710	298.834717	8.833783
144	-0.175646	-0.346451	278.670410	31.729143
287	-0.215461	-0.420292	238.618164	30.955505
289	-0.328900	-0.622518	338.761475	27.334490
206	-0.240901	-0.467453	204.927734	18.390170
438	-0.175694	-0.346542	284.494141	30.359007
422	-0.299862	-0.576722	170.028564	16.510284
259	-0.120125	-0.243369	265.065674	17.330727
156	-0.469833	-0.811691	252.987793	26.344051
351	-0.226289	-0.440367	222.936523	116.638851
323	-0.594359	-0.976315	161.991699	11.491041
369	-0.360725	-0.667516	237.360352	11.657879
411	-0.249668	-0.483702	119.652344	13.839075
47	-0.218786	-0.426456	106.369141	9.766088
400	-0.409674	-0.706259	340.708496	8.591555
59	-0.227901	-0.443354	289.493408	22.751653
133	-0.225946	-0.439729	218.401367	274.305653
398	-0.230330	-0.447857	193.686523	146.550387
52	-0.241354	-0.468292	274.025146	10.400741
298	-0.210582	-0.411232	309.027588	9.065007
14	-0.126063	-0.254405	275.933838	17.685211
138	-0.214830	-0.419121	111.354004	351.422059
450	-0.214152	-0.417865	199.652832	394.835243
429	-0.203999	-0.399039	110.208008	20.403767
405	-0.355183	-0.597162	209.778564	9.982506
417	-0.265014	-0.512144	189.034424	24.507654
168	-0.216181	-0.421624	202.270020	10.071626
441	-0.198352	-0.388567	253.991699	195.180513
335	-0.216616	-0.422432	208.493408	263.753353
183	-0.236179	-0.458700	139.144775	9.619314
227	-0.207583	-0.405684	129.045654	30.040761
203	-0.266273	-0.514478	258.813477	159.324619
186	-0.385200	-0.734675	162.620850	7.176319
226	-0.242070	-0.469619	143.361816	8.761493
416	-0.243136	-0.471594	256.501221	373.671047
172	-0.213286	-0.416259	143.329102	314.921543
440	-0.975348	-1.321809	124.534912	10.104801
390	-0.218616	-0.426140	103.628662	17.309712
426	-0.213521	-0.416694	117.671875	244.195121
318	-0.207501	-0.405531	246.469971	262.128198
219	-0.238435	-0.462882	335.095215	354.278243
391	-0.592634	-1.007273	111.576172	9.926649
359	-0.180082	-0.354681	264.699951	92.242451
310	-0.216967	-0.423083	314.150879	392.699609
428	-0.202198	-0.395699	243.893311	250.225859
30	-0.216895	-0.422951	140.762695	356.909634
69	-0.220628	-0.429871	106.658936	96.952967
188	-0.497613	-0.778363	218.591797	10.511602
41	-0.245297	-0.475601	260.639160	376.449581
389	-0.237482	-0.461115	225.821289	80.597036
396	-82.585421	-0.712924	16.510742	7.494600
37	-0.219045	-0.393546	259.367676	10.621405
181	-0.233401	-0.368546	281.529541	12.384767
376	-0.262653	-0.436298	235.171387	9.834643
366	-0.193208	-0.379028	106.637207	172.308653
218	-0.188470	-0.370240	117.652344	284.503695
66	-0.225084	-0.361096	167.718018	10.569878
140	-0.250172	-0.438200	343.972900	9.089895
