3	-0.366747	-0.700640	267.687988	9.807848
7	-42.571887	-0.261063	9.069092	7.210263
14	-70.764595	-1.906430	401.882080	7.146644
17	-60.596938	-1.228981	311.871826	7.680200
27	-26.206951	-1.970414	89.044678	7.484497
30	-16.081142	-0.803757	187.388672	8.187283
37	-66.051881	-1.016822	399.829590	7.406236
41	-37.900588	-1.059885	46.760986	7.278351
42	-53.435421	-1.924948	60.504639	7.354494
47	-58.153859	-1.491097	427.999756	7.432777
50	-0.588513	-1.056973	182.210449	9.171984
52	-0.367641	-0.702297	327.669922	8.935431
55	-69.637684	-1.503200	375.485596	7.724918
57	-1.075987	-1.537317	236.115234	7.896041
59	-39.339324	-1.393832	240.541260	7.223014
62	-14.435189	-1.344818	32.777344	7.593003
66	-1.284081	-1.705371	322.896973	7.931406
69	-0.822493	-1.163331	258.973389	9.107651
71	-81.921663	-0.213530	343.687500	7.302983
77	-74.782260	-0.977804	455.708984	7.346139
95	-0.202404	-0.363024	315.381592	8.834369
100	-46.775191	-1.208962	7.092773	7.545110
101	-34.579353	-0.514024	412.629395	7.387506
103	-23.220767	-0.291285	443.058105	7.917745
104	-83.251537	-0.679086	299.418701	7.848551
115	-0.327690	-0.628283	190.876221	7.657947
119	-38.141339	-0.299191	244.346680	7.073754
121	-73.839934	-0.283575	429.177002	7.443057
133	-3.425763	-0.216199	68.880371	7.862674
135	-56.063324	-1.242471	201.794922	7.251082
138	-1.935930	-0.647887	288.016113	7.615714
139	-0.425853	-0.624730	249.587402	8.247487
140	-0.614710	-1.014990	245.262695	10.026385
142	-0.904869	-0.944426	252.280273	9.069089
144	-26.452241	-0.106874	412.125488	7.271757
156	-76.943289	-0.284738	49.876709	7.420555
161	-35.048185	-0.147122	450.133545	7.349031
168	-0.607228	-0.983507	113.564209	8.159254
172	-0.479779	-0.869614	289.941406	8.064234
174	-68.444653	-0.341259	399.003174	7.882788
178	-43.710576	-1.895778	53.353271	7.379441
181	-22.644052	-1.986027	144.431396	7.252649
182	-27.137676	-1.220834	190.902832	7.463534
183	-47.786770	-1.086432	424.260254	7.519482
186	-56.414395	-0.853332	114.581787	7.414574
188	-39.190196	-0.805177	203.913086	7.397365
189	-62.211637	-1.338091	106.872314	7.590040
198	-74.952139	-1.692125	82.801025	7.292807
203	-1.731494	-1.613618	173.814941	7.737528
206	-72.512744	-1.799088	390.008301	7.179191
213	-84.104460	-1.840788	89.428711	7.844153
218	-28.682393	-0.843171	292.668457	7.513107
219	-32.683203	-0.361421	146.747803	7.879805
226	-2.361134	-1.800830	236.368164	7.729104
227	-0.782527	-1.373358	221.245361	8.446519
239	-32.965994	-0.993666	251.976807	7.698033
251	-59.135430	-0.315883	235.797852	7.472027
257	-76.460148	-0.115735	142.463135	7.329610
258	-0.896292	-1.364767	347.985352	9.103930
259	-65.019092	-1.841808	366.248047	7.596074
263	-1.391825	-0.591287	435.898193	7.682228
266	-56.539661	-0.707133	292.334229	7.444590
270	-1.153318	-1.633747	270.457520	8.568016
278	-41.503601	-0.841667	199.395996	7.546123
283	-46.094508	-0.674757	100.425781	7.291464
286	-7.955966	-0.317618	257.492188	7.367575
287	-1.065008	-1.039767	306.078857	8.375314
289	-66.317560	-0.500284	360.074219	7.245526
298	-0.330105	-0.486594	262.790039	7.866143
299	-4.892105	-1.472736	326.313477	8.367814
300	-47.445380	-0.267304	326.031494	7.632427
301	-0.513256	-0.833948	86.262939	8.989237
302	-20.621447	-1.225555	18.519775	7.169155
310	-58.750209	-1.748827	44.708252	7.432433
318	-84.496374	-1.475786	437.680664	7.750612
320	-1.129562	-1.410307	347.219727	8.503375
321	-81.333056	-0.697276	37.163330	7.602916
323	-1.214770	-1.984280	263.812500	7.494711
324	-1.488179	-1.834221	62.409180	8.489971
335	-42.841385	-0.831133	256.197510	7.619457
349	-14.651979	-0.104771	118.432617	7.442772
351	-0.307477	-1.703406	376.389404	7.466997
359	-16.342327	-1.237136	101.195068	7.114815
366	-38.105668	-0.529342	71.275146	7.672797
369	-0.402939	-0.659254	264.958740	9.301716
372	-0.679801	-0.644271	275.066895	7.499783
376	-26.257945	-0.489535	393.134521	7.385319
377	-23.376090	-0.771967	197.066162	7.175774
379	-14.838627	-0.860699	105.050049	7.401477
383	-51.654379	-0.224545	71.515869	7.618075
388	-5.864563	-1.468767	410.599121	7.505446
389	-0.640432	-1.207553	292.818115	7.584934
390	-19.190690	-0.009963	223.506592	7.368364
391	-10.379540	-1.123385	6.941162	7.331104
392	-0.442417	-0.548124	240.750977	8.474414
393	-0.873265	-1.312616	255.393066	8.252177
396	-82.574018	-0.709155	16.510498	7.663329
398	-23.875118	-0.089497	80.851074	7.399611
400	-75.403749	-0.534135	293.338135	7.477069
401	-51.453330	-0.106824	291.482910	7.551521
402	-0.219793	-0.428324	75.898682	9.143936
405	-85.947986	-1.000100	0.286865	7.439709
407	-35.945783	-0.508609	53.919434	7.434531
410	-74.200596	-0.304328	326.486328	7.471857
411	-70.198231	-0.170399	204.592041	7.644518
416	-1.226004	-0.774931	135.343506	8.067177
417	-3.473273	-0.188843	195.268555	7.405094
421	-26.347276	-0.020948	127.416260	7.421493
422	-0.939278	-1.203043	227.123535	7.888697
423	-0.717984	-1.141828	205.657715	10.591253
426	-49.883279	-0.546524	445.697021	7.516547
428	-1.578934	-1.992962	64.182861	7.795819
429	-63.045785	-0.620681	140.102783	7.632232
431	-83.866288	-0.327524	420.693115	7.459724
434	-0.188515	-0.370319	210.735352	8.445702
436	-0.135216	-0.271408	249.114258	7.823521
438	-39.331436	-0.733185	56.594727	7.192038
440	-15.986329	-0.229289	223.652100	7.464203
441	-0.382387	-0.695117	275.187256	7.944297
443	-86.094318	-0.329188	398.142090	7.279977
445	-69.401654	-0.670160	311.429688	8.254686
448	-0.195096	-0.382528	203.448975	8.493416
450	-0.522487	-0.595937	200.661133	8.953723
453	-46.453034	-0.075662	263.194336	7.307196
455	-80.642625	-0.782476	455.890625	7.057327
456	-0.469049	-0.890140	61.248535	10.022955
458	-0.929112	-1.542734	310.708252	9.280080
464	-13.260006	-0.174531	300.040771	7.563455
469	-2.579726	-0.087155	310.294434	7.555942
472	-32.658910	-1.999611	422.917725	7.247138
475	-69.367210	-0.252932	195.810791	7.286511
477	-11.675534	-0.388308	298.414062	7.622450
479	-1.169705	-1.718729	263.125244	7.338046
484	-0.367721	-0.555996	314.178467	7.996332
485	-57.572057	-0.354563	380.965332	7.449968
493	-65.220502	-0.414909	112.586914	7.310071
494	-88.757684	-1.531429	117.184814	7.424895
495	-37.792432	-0.502496	270.672852	8.101865
500	-0.267542	-0.487925	154.339844	8.295264
503	-67.983587	-0.636453	156.699707	7.232247
505	-19.729607	-1.829727	439.198975	7.311412
507	-0.323876	-0.621216	307.548584	9.078236
509	-0.055272	-0.627908	391.724121	7.425546
511	-39.950492	-1.628512	281.549072	7.405868
514	-13.741745	-1.742746	130.510498	7.778776
520	-16.129764	-1.669641	319.226074	7.594343
521	-41.714278	-0.099651	81.644287	7.841732
522	-1.106845	-1.387639	87.186279	8.713389
523	-86.942343	-0.484483	214.983154	7.201078
524	-71.719877	-0.151932	385.732178	8.463371
525	-29.200090	-0.086810	93.531494	7.349132
529	-88.550139	-0.091900	428.880127	7.154593
530	-39.925694	-1.042002	35.701660	7.414067
531	-0.729534	-1.215184	344.486084	9.674791
534	-74.046391	-0.169755	149.974609	7.271447
535	-0.837464	-1.571228	323.601562	8.065762
536	-65.120386	-0.046065	433.120117	7.080842
537	-0.173198	-0.341910	241.019043	11.207226
541	-19.000484	-0.173703	276.804443	7.258566
542	-45.368934	-0.220084	94.901123	6.795995
544	-4.324548	-1.924415	446.440430	7.333997
545	-0.546324	-1.033264	87.016113	9.048270
547	-56.459732	-1.414353	353.004150	7.682442
548	-0.438165	-0.832935	101.422607	8.991230
551	-7.235691	-0.535289	375.125000	7.457354
552	-88.877525	-1.842462	179.964355	6.721539
554	-64.612957	-1.743651	13.113525	7.182581
557	-86.057730	-0.430477	330.092529	7.082659
558	-63.881358	-0.590098	212.658203	7.099151
560	-14.548731	-0.115062	97.511963	7.554336
561	-2.439660	-0.615887	443.353271	7.508613
562	-31.633379	-0.565476	170.614502	7.288534
563	-76.982275	-0.613358	324.979492	7.301303
564	-42.977979	-1.237021	264.223877	7.346859
565	-0.533704	-1.009891	138.353027	9.079353
566	-66.338157	-0.715049	436.434082	8.043158
567	-0.877769	-1.647075	121.197998	9.045386
569	-1.507661	-1.668732	316.451416	8.461876
570	-39.099934	-1.728852	137.514648	7.070128
571	-0.950103	-1.781025	84.384033	7.902215
572	-68.199603	-0.411982	140.466553	7.821505
573	-0.734086	-1.135632	295.766113	8.764548
575	-62.313990	-1.500739	209.628906	7.399211
577	-78.463598	-0.634669	285.611572	7.038275
578	-0.832570	-1.527689	124.398682	8.029234
579	-70.427287	-0.139892	404.753174	7.195330
580	-14.755040	-1.458611	71.882812	7.449861
581	-60.926183	-0.786699	127.521240	7.269567
582	-79.408209	-1.702328	37.582275	7.109082
584	-63.954232	-0.098330	245.840088	7.025370
585	-40.142280	-0.465364	364.892090	7.095945
586	-90.000000	-1.553327	193.099121	7.442183
587	-28.101867	-0.056642	142.889404	6.972971
588	-70.506575	-0.900500	316.469238	7.535249
589	-75.118388	-0.589455	255.729004	7.457148
590	-0.262095	-0.506735	101.839844	8.373320