1	-0.019051	-0.039190	337.864014	38.040525
2	-0.069830	-0.102721	63.411621	11.523044
3	-72.693884	-0.348640	323.816895	7.380932
4	-15.146651	-1.918398	389.173584	7.461886
5	-0.010478	-0.028372	97.580078	596.284736
6	-0.027389	-0.052974	274.750977	21.369604
7	-4.209945	-1.801442	275.051514	7.465879
8	-0.010309	-0.029061	166.816406	15.240871
9	-0.006876	-0.027360	343.128174	762.318523
10	-0.160015	-0.206991	432.662598	7532.977889
11	-0.000031	-0.020057	43.017090	2516.636169
12	-0.000132	-0.116258	385.912109	93.891559
13	-0.036731	-0.072267	111.947998	264.083534
14	-0.597259	-1.127598	278.123535	11.520853
15	-0.004997	-0.022057	244.282227	378.290069
16	-0.010533	-0.035691	117.632812	247.886509
17	-60.597122	-1.229094	311.871826	7.680039
18	-88.071954	-1.292530	41.271240	7.472780
19	-1.344027	-0.002973	457.743408	150.947565
20	-0.021676	-0.033217	39.703125	3560.166723
21	-0.000294	-0.192896	210.172119	574.551779
22	-0.008109	-0.030401	61.362061	388.591199
23	-0.000057	-0.035019	91.822021	21.229470
24	-0.000020	-0.017975	187.376953	89.577630
25	-10.688543	-0.006618	453.584717	14.508402
26	-0.000109	-0.092964	41.982666	470.139450
27	-0.639337	-1.187508	187.793213	11.208846
28	-0.000055	-0.000903	238.748535	356.774543
29	-0.015342	-0.042101	162.452881	1443.301133
30	-16.081137	-0.803755	187.388672	8.186971
31	-0.001508	-0.011388	240.724609	126.090969
32	-0.000020	-0.009376	297.176025	643.064873
33	-0.003367	-0.015800	301.104248	721.312963
34	-0.020955	-0.056899	420.175537	11.368922
35	-0.020578	-0.045298	106.989746	159.719648
36	-0.000073	-0.048654	306.895752	1194.198881
37	-66.052173	-1.016939	399.829590	7.406449
38	-32.958658	-0.721458	454.578369	7.807311
39	-0.067439	-0.088960	28.103760	75.459173
40	-0.002431	-0.015632	82.652588	882.589313
41	-37.893401	-1.054700	46.760986	7.260760
42	-53.412321	-1.897776	60.504150	7.385457
43	-0.011660	-0.037024	248.596191	26.413817
44	-0.004897	-0.022857	60.982666	530.699024
45	-0.013330	-0.041564	43.001221	55.613787
46	-0.079759	-0.106435	374.043945	17.149708
47	-58.153833	-1.491077	427.999756	7.432829
48	-0.000146	-0.143651	223.392822	336.719940
49	-0.025903	-0.053427	56.154541	35.684994
50	-11.175896	-0.058346	342.355225	7.388058
51	-0.052138	-0.080536	202.840332	18.064771
52	-0.619980	-1.162222	204.389893	9.365097
53	-0.109518	-0.099672	235.659912	20.805873
54	-0.002772	-0.017142	400.416016	43.553376
55	-69.609398	-1.471531	375.484863	7.631968
56	-0.010182	-0.032376	419.350586	2147.946546
57	-52.818523	-0.268754	51.607666	7.448411
58	-0.002824	-0.017296	403.032471	32.106581
59	-39.330078	-1.382611	240.541016	7.596943
60	-0.000376	-0.007513	231.628418	280.528119
61	-0.010055	-0.030256	261.706787	24.029584
62	-0.502426	-0.779726	222.166260	18.970259
63	-0.820644	-0.002114	457.903809	79.667024
64	-0.000031	-0.018083	24.288574	1649.571353
65	-1.015094	-0.923209	57.861572	9.602154
66	-23.635855	-0.788558	112.036377	7.358259
67	-0.005562	-0.019703	353.598633	827.040142
68	-0.001315	-0.012305	160.875732	1038.880928
69	-0.643714	-1.097543	122.841309	8.420099
70	-0.008545	-0.026933	114.926270	747.389246
71	-27.261818	-1.497634	130.686768	7.065440
72	-0.007051	-0.024794	40.097656	45.377068
73	-0.009392	-0.028334	108.894531	162.674202
74	-53.413521	-1.005741	456.876465	17.279324
75	-0.000809	-0.004771	61.919922	711.545292
76	-0.003192	-0.016904	399.641846	469.415463
77	-89.138711	-1.480893	226.965088	7.208107
78	-0.000026	-0.013763	356.417480	1243.367255
79	-14.277426	-0.007767	457.005615	18.889474
80	-0.019140	-0.053309	37.875244	654.543727
81	-0.067800	-0.092559	116.912354	8.531509
82	-0.004330	-0.021415	384.013916	832.825839
83	-0.002465	-0.010627	273.425293	1637.080226
84	-0.312156	-0.197215	203.507568	3374.436942
85	-0.002035	-0.010274	296.106689	58.089756
86	-0.004060	-0.020710	130.899170	5879.807509
87	-0.013116	-0.041121	308.594971	179.010980
88	-0.006314	-0.023937	157.862549	119.608253
89	-0.000398	-0.281171	239.444092	3530.364473
90	-0.001795	-0.011928	450.083496	77.032356
91	-0.010820	-0.036304	390.362305	192.373262
92	-0.000026	-0.029290	453.487549	18.653647
93	-0.000073	-0.051287	5.487061	18.738006
94	-0.015386	-0.045775	11.502686	34.949614
95	-34.094545	-1.080600	304.459717	7.114624
96	-0.013991	-0.035109	281.755615	144.546402
97	-0.022940	-0.053852	360.442139	23.453923
98	-0.028431	-0.071456	115.467041	10.013747
99	-0.027088	-0.068017	120.434326	2410.312751
100	-89.971115	-0.861787	454.078613	7.724651
101	-0.303477	-0.583420	124.503662	20.459855
102	-0.000039	-0.033787	446.609131	33.104705
103	-3.387214	-1.625934	110.976074	8.452914
104	-83.242448	-0.676148	299.418457	7.857113
105	-0.006857	-0.027555	73.215576	3860.403460
106	-0.084884	-0.177777	359.000488	7804.765343
107	-0.035352	-0.058294	309.879883	17.293005
108	-0.004619	-0.021445	232.543701	919.312339
109	-0.004055	-0.020699	356.648926	235.681784
110	-0.009228	-0.032873	7.405518	13.117848
111	-0.068805	-0.125247	274.475098	30.822304
112	-0.000008	-0.009955	185.292969	4753.448493
113	-0.016107	-0.030625	356.442871	9.756502
114	-0.000040	-0.026834	314.445312	22.283004
115	-12.899714	-0.606550	112.279541	7.643800
116	-0.008540	-0.031360	414.877686	68.144125
117	-0.008291	-0.030796	337.695312	9.170886
118	-0.000028	-0.019448	367.610352	56.185035
119	-0.932903	-1.570551	178.223389	13.315613
120	-0.135495	-0.224028	303.254883	7333.928811
121	-1.759340	-1.551677	152.282959	9.344280
122	-0.022566	-0.054635	404.577393	197.924293
123	-59.957145	-1.634768	447.478271	7.777828
124	-0.029512	-0.061782	161.619629	78.495492
125	-0.000035	-0.022272	290.187256	264.804511
126	-0.402474	-0.249350	457.200195	59.076164
127	-0.703109	-0.001876	457.641357	88.946410
128	-0.008270	-0.030760	45.284668	1613.329280
129	-0.000680	-0.009505	197.231445	1747.622184
130	-0.000062	-0.041392	331.096924	83.318933
131	-0.108678	-0.155092	435.401611	7450.353516
132	-0.012445	-0.039727	178.616943	1144.349485
133	-0.495167	-0.923515	280.180176	23.191643
134	-0.036210	-0.062385	122.506348	1454.121818
135	-56.077154	-1.254696	201.795166	7.232364
136	-0.017170	-0.037431	209.842285	206.712337
137	-0.019873	-0.036723	176.928467	17.623030
138	-55.537286	-0.208371	411.592529	7.620645
139	-0.359775	-0.687724	92.794189	16.618314
140	-66.632960	-1.286719	144.391113	7.520305
141	-0.023919	-0.049895	232.345703	68.566780
142	-0.418719	-0.747682	50.675781	20.554674
143	-0.278818	-0.324332	219.989014	26.171877
144	-56.789987	-1.226239	294.203613	7.225286
145	-0.238601	-0.161942	397.542969	8.291700
146	-0.007170	-0.024055	139.002686	71.604046
147	-0.071639	-0.105025	426.137207	44.961489
148	-0.164984	-0.197765	144.053711	15.547261
149	-0.013025	-0.033613	153.786133	54.980825
150	-0.000361	-0.007483	337.620605	184.702132
151	-0.003907	-0.020307	297.119629	222.769455
152	-0.016146	-0.038134	311.613281	101.378727
153	-0.039455	-0.075643	346.374756	166.356239
154	-0.014652	-0.020734	76.098389	18.679397
155	-0.011794	-0.032705	232.164307	79.293275
156	-76.940757	-0.284674	49.876709	7.561120
157	-0.021966	-0.054343	170.644287	3572.978139
158	-0.079976	-0.070840	357.127930	2912.011677
159	-0.039959	-0.075815	225.932129	152.810608
160	-0.001408	-0.012659	305.266846	130.435831
161	-47.295774	-0.103415	323.813477	7.116061
162	-0.000752	-0.002398	267.216064	240.921275
163	-0.077536	-0.068022	104.843262	7919.580803
164	-0.003048	-0.017944	12.890137	525.433666
165	-0.020425	-0.047015	216.726074	48.466466
166	-0.013356	-0.040925	408.876465	148.481178
167	-0.004173	-0.021008	105.133545	21.586359
168	-0.607367	-0.983618	113.564209	8.159330
169	-0.076444	-0.085132	430.788574	17.838437
170	-0.057828	-0.127185	143.287598	232.821147
171	-26.384789	-1.478824	265.966553	8.540047
172	-0.495195	-0.812328	201.731445	10.247160
173	-0.000230	-0.003156	277.776123	31.279286
174	-68.540911	-0.350682	399.006104	7.808159
175	-0.001604	-0.013380	59.468506	16.721591
176	-0.002790	-0.015140	224.087891	406.907341
177	-0.001149	-0.010789	95.483643	949.204623
178	-43.697846	-1.882506	53.353027	7.453998
179	-0.012470	-0.039778	414.700928	1822.385022
180	-0.000889	-0.009020	46.878418	161.354333
181	-0.727406	-0.865706	310.960205	16.214664
182	-27.132482	-1.217186	190.902832	7.456162
183	-47.786703	-1.086393	424.260254	7.519608
184	-0.000152	-0.116809	438.030273	324.982331
185	-0.002303	-0.015310	241.036133	482.436916
186	-56.404572	-0.847249	114.581543	7.691800
187	-0.038417	-0.072035	445.507324	251.132942
188	-2.594634	-1.512855	419.192383	7.544331
189	-62.212050	-1.338123	106.872314	7.584827
190	-0.010270	-0.035128	28.941650	11.625117
191	-0.004419	-0.018755	86.992432	370.556460
192	-0.000081	-0.052717	235.511963	2022.014297
193	-0.039270	-0.057770	329.265137	31.652740
194	-0.002841	-0.016592	347.977051	2376.021507
195	-0.013760	-0.034696	305.768066	583.969653
196	-0.023639	-0.051706	260.005615	128.362050
197	-0.029825	-0.064252	48.069580	19.771075
198	-0.290103	-0.558639	272.405273	16.108744
199	-0.022441	-0.048053	408.801025	43.225442
200	-0.029590	-0.067061	65.244385	4074.530720
201	-0.003495	-0.012821	293.860840	282.544879
202	-0.014743	-0.044465	204.831543	2641.193950
203	-1.731187	-1.613445	173.814941	7.733495
204	-0.009843	-0.030946	308.830078	798.596499
205	-0.005229	-0.023681	258.652588	886.481512
206	-85.648513	-0.741620	457.941650	7.227807
207	-0.054524	-0.120981	292.129883	216.495732
208	-0.017068	-0.041596	406.506348	6608.463668
209	-0.009777	-0.029597	145.001709	77.477841
210	-0.263002	-0.191399	378.240234	365.077451
211	-0.011572	-0.030148	404.000732	385.911746
212	-0.024439	-0.054143	250.814697	28.618099
213	-84.104337	-1.840746	89.428711	7.745689
214	-0.004172	-0.020995	292.905762	4199.770595
215	-1.430458	-0.001894	457.514893	149.075047
216	-0.213365	-0.216541	39.164307	4483.979386
217	-0.000020	-0.010146	289.170166	518.693900
218	-28.681239	-0.842831	292.668457	7.517586
219	-32.680099	-0.360826	146.747803	7.876128
220	-0.062751	-0.083837	433.407715	831.557360
221	-0.000057	-0.034468	453.084961	256.717476
222	-0.000034	-0.023530	5.085205	245.170738
223	-0.005318	-0.023900	162.717529	469.854053
224	-0.018374	-0.040806	122.418213	50.816924
225	-0.008040	-0.026683	48.251465	536.260594
226	-0.382192	-0.729252	182.242920	13.843686
227	-0.873865	-1.456700	306.665283	7.570619
228	-0.003494	-0.019193	404.014404	1193.514979
229	-0.004966	-0.020679	421.912109	1201.652643
230	-0.028478	-0.064358	234.732178	8097.878374
231	-0.006588	-0.024047	275.878174	43.160827
232	-0.007404	-0.025929	23.472168	365.869451
233	-0.089476	-0.132614	259.561035	625.614665
234	-0.002251	-0.010932	380.977295	24.080322
235	-0.021975	-0.043570	143.105225	5240.303795
236	-0.002394	-0.016000	246.099121	2420.976379
237	-0.017804	-0.022350	88.419922	43.566339
238	-0.019992	-0.039519	347.156982	136.487578
239	-32.965977	-0.993657	251.976807	7.697674
240	-0.002877	-0.016193	254.158203	183.931507
241	-0.014195	-0.043336	380.426514	11.319829
242	-0.000144	-0.101753	456.015381	84.208059
243	-0.000200	-0.128993	8.014648	84.798938
244	-0.009009	-0.028151	400.847168	98.292470
245	-0.033013	-0.055001	328.189453	388.466750
246	-0.003500	-0.019210	436.800537	59.790527
247	-0.000046	-0.029173	154.728516	180.424501
248	-0.002569	-0.016536	227.767822	50.987684
249	-0.004875	-0.022062	375.205322	20.011153
250	-0.008574	-0.031212	190.326660	20.515148
251	-59.110995	-0.314002	235.797607	7.476906
252	-0.000113	-0.074878	308.954102	385.293100
253	-0.059690	-0.076138	234.171143	8.295970
254	-0.057423	-0.085951	371.969238	15.796618
255	-0.020762	-0.038669	53.754883	16.510530
256	-0.226203	-0.176932	117.852051	20.208097
257	-24.358753	-0.115198	200.846191	7.450936
258	-41.956107	-1.084019	356.864258	7.668905
259	-0.250790	-0.430724	226.526123	9.719691
260	-0.010694	-0.033597	75.041016	1861.287782
261	-0.003924	-0.017978	358.517090	195.853331
262	-0.006190	-0.021870	135.848389	92.835889
263	-0.591204	-1.391728	435.898193	7.682174
264	-0.010406	-0.025744	308.840332	847.714247
265	-0.016061	-0.038655	0.302979	22.232671
266	-32.703088	-0.156914	68.243652	7.261830
267	-0.024502	-0.048399	71.298096	20.307284
268	-0.006344	-0.026359	335.052979	3951.832188
269	-0.022891	-0.057498	311.357422	270.815561
270	-12.546606	-0.303513	148.265137	7.473606
271	-0.007741	-0.029573	171.655518	62.347033
272	-0.000017	-0.023867	255.241699	2618.949348
273	-0.000914	-0.680002	452.478516	8.634397
274	-0.046147	-0.056791	283.055664	10.880524
275	-0.002171	-1.545690	30.017090	7.984267
276	-0.032018	-0.050991	435.339844	511.205634
277	-0.019211	-0.045876	384.330322	86.346275
278	-41.503084	-0.841790	199.395996	7.535942
279	-0.054592	-1.260680	235.803955	10.097007
280	-0.012160	-0.017967	70.724609	10.193674
281	-0.021114	-0.046614	229.491455	5345.505958
282	-0.020055	-0.055123	136.279297	4497.884782
283	-35.621451	-1.818130	87.431641	7.923641
284	-0.000021	-0.010638	347.085938	18.236718
285	-0.000008	-0.005516	309.633301	2351.849162
286	-0.836654	-1.528323	278.058350	13.997507
287	-1.388565	-1.417905	183.728760	10.420360
288	-0.026924	-0.058623	137.253906	1521.075635
289	-79.388403	-0.413755	318.375244	7.322508
290	-0.001418	-0.008977	182.096436	922.332381
291	-0.009405	-0.033258	189.128418	32.026722
292	-0.026309	-0.061391	384.146240	62.521044
293	-0.049884	-0.074143	305.140381	9.381776
294	-1.480537	-1.307495	307.281738	7.394213
295	-1.601100	-1.238286	191.234863	9.574315
296	-0.001584	-0.013272	233.831299	6513.489466
297	-0.000093	-0.095521	280.468750	14.959774
298	-0.356553	-0.681757	336.559326	14.162952
299	-4.881947	-1.460730	326.313232	8.380864
300	-47.490683	-0.270456	326.032227	7.616980
301	-22.671337	-1.965336	27.176514	7.440329
302	-16.805034	-1.260452	196.149414	7.657470
303	-0.028258	-0.061485	80.030273	1665.139229
304	-0.011642	-0.038044	457.853516	14.683208
305	-0.011716	-0.038200	9.853516	15.040557
306	-0.008011	-0.024315	169.909424	615.570336
307	-0.055885	-0.068273	215.687256	17.480159
308	-0.000068	-0.042313	357.870605	14.641023
309	-0.009000	-0.028620	164.956787	66.591989
310	-15.432327	-0.947641	345.597656	7.609276
311	-0.027816	-0.070271	71.687256	80.158685
312	-0.016078	-0.042547	94.972168	431.990471
313	-0.006812	-0.023207	158.155518	1049.842270
314	-0.023736	-0.033909	149.398926	271.155994
315	-0.012550	-0.033566	53.905762	24.325755
316	-0.003429	-0.016864	253.761963	3439.351316
317	-0.004798	-0.019530	276.065674	73.772780
318	-46.416495	-0.049642	453.186035	7.802393
319	-0.020149	-0.055308	46.506836	40.699937
320	-0.578663	-0.814222	125.825195	12.550371
321	-0.675371	-1.243515	135.751709	19.346163
322	-0.106256	-1.058330	146.880859	10.358095
323	-48.417828	-0.107143	377.254639	7.291934
324	-0.828669	-1.083674	82.496582	13.735304
325	-0.025721	-0.055277	287.489014	16.834466
326	-0.012429	-0.039584	156.701660	1515.537684
327	-4.190808	-0.258652	401.099609	10.359043
328	-0.006923	-0.027708	23.500488	16.588136
329	-0.000043	-0.024807	425.912842	769.157775
330	-0.014305	-0.688946	445.020020	8.528718
331	-0.016213	-0.047450	360.332764	17.988825
332	-0.000140	-0.087799	125.877441	192.001369
333	-0.022797	-0.041887	427.479980	2051.568425
334	-0.008954	-0.027510	151.808594	267.741511
335	-42.851779	-0.838562	256.197754	7.609988
336	-3.849956	-0.584297	339.120850	11.437197
337	-0.000250	-0.005662	186.895264	9.634324
338	-18.088485	-0.077126	43.771729	7.278371
339	-0.003169	-0.006493	129.521729	90.384243
340	-0.210019	-1.362831	239.776367	9.286981
341	-9.157068	-0.004858	457.223633	19.267826
342	-0.000488	-0.007667	34.065674	397.044211
343	-0.233241	-0.114288	162.617676	7.946674
344	-0.000765	-0.009155	312.965332	524.310278
345	-0.004411	-0.021624	296.601562	27.364103
346	-0.036765	-0.062649	274.132080	9.856059
347	-0.025237	-0.049004	134.931641	117.981514
348	-0.000525	-0.007358	137.816895	30.208602
349	-1.197988	-2.000000	175.066895	11.085149
350	-0.022228	-0.059403	235.783203	7826.755482
351	-3.741272	-0.249472	247.016357	7.667946
352	-0.001156	-0.011015	77.807861	8.294202
353	-0.010397	-0.033033	230.128418	172.091859
354	-2.462248	-1.703437	370.692627	8.143487
355	-0.019850	-0.037102	130.643799	10.997470
356	-0.015976	-0.046971	13.759766	14.264509
357	-0.009159	-0.025988	159.382324	33.855148
358	-0.067723	-1.033274	156.374023	7.802152
359	-0.967211	-1.682878	191.358398	8.490609
360	-0.008535	-0.026930	72.857910	2362.817631
361	-0.000265	-0.001613	246.075195	106.508503
362	-0.006440	-0.026584	412.909912	104.852910
363	-1.245691	-0.688319	63.496094	8.847176
364	-0.062155	-0.074167	320.879639	9.185976
365	-1.919103	-1.051857	68.109375	9.812848
366	-0.451950	-0.644499	303.607910	23.145341
367	-1.468896	-0.001452	457.814209	119.729468
368	-0.001569	-0.005218	40.962646	3721.003316
369	-60.526505	-0.288713	292.193848	7.286598
370	-0.018634	-0.049343	264.776367	115.997118
371	-2.860025	-1.870033	0.524170	8.715187
372	-0.680291	-0.644680	275.066895	7.499793
373	-0.009232	-0.032881	282.249023	1173.612092
374	-23.009242	-0.004483	447.753418	7.524941
375	-0.006174	-0.023107	45.607178	187.893439
376	-0.687980	-1.181130	201.934570	10.234028
377	-16.709964	-1.741856	284.303955	7.192450
378	-0.000068	-0.042288	169.569336	77.163884
379	-0.908799	-1.344444	345.820068	15.319529
380	-0.612655	-0.028048	259.510498	8.271963
381	-0.001718	-0.012012	199.255859	7135.854080
382	-0.013178	-0.041250	145.651855	38.994486
383	-84.198003	-0.335319	141.718262	7.605379
384	-0.022548	-0.056171	265.156006	34.641277
385	-0.005404	-0.024110	449.996826	3025.569166
386	-0.005267	-0.023775	1.996826	3001.734962
387	-0.008084	-0.030346	93.058105	42.005093
388	-0.349792	-0.669230	206.911865	20.069282
389	-72.862257	-1.380773	160.174316	7.464420
390	-0.469830	-0.768985	114.085449	10.863784
391	-10.379532	-1.123381	6.941162	7.331159
392	-6.495594	-1.881367	265.207764	7.540862
393	-18.890483	-1.204070	30.950684	7.447457
394	-0.007126	-0.023738	282.657471	1573.821192
395	-0.006617	-0.026580	43.583008	145.488043
396	-0.898860	-1.322392	56.979004	11.082717
397	-0.011713	-0.037031	311.025391	439.225522
398	-47.703147	-0.105572	455.646973	7.619784
399	-0.062063	-0.092830	304.774902	6379.231012
400	-0.281431	-0.542568	218.629150	13.544277
401	-39.390674	-0.126093	280.228027	7.500960
402	-63.716005	-0.197535	448.182861	7.356090
403	-0.006491	-0.026704	143.274902	156.957612
404	-0.022976	-0.049288	266.457031	1076.510876
405	-0.772401	-1.439319	235.137939	12.242011
406	-0.002724	-0.016554	414.159668	78.637514
407	-54.182179	-0.464427	68.729248	7.390507
408	-0.000155	-0.100779	300.754883	250.824730
409	-0.009901	-0.027604	152.211426	29.705543
410	-0.903422	-1.634371	123.834717	18.751778
411	-1.277268	-1.973447	140.584473	11.781172
412	-0.107727	-0.142198	355.806885	61.945703
413	-2.676965	-0.002155	457.962158	62.346789
414	-0.063962	-0.086286	53.538086	1304.471852
415	-0.005824	-0.025125	260.484619	22.025982
416	-0.699418	-0.984882	118.729248	16.177322
417	-16.845515	-0.396968	442.946045	7.379108
418	-0.009095	-0.030414	334.011963	473.025066
419	-0.000339	-0.329346	56.147217	12.813873
420	-0.011917	-0.038623	424.945557	20.207043
421	-0.528195	-0.755769	126.417725	13.992738
422	-64.730392	-0.527626	271.517822	7.605761
423	-0.506657	-0.959798	62.451904	20.003849
424	-0.000129	-0.100824	109.801270	19.992548
425	-0.028937	-0.068135	382.259277	172.692856
426	-49.913797	-0.555793	445.697510	7.550815
427	-0.068281	-0.146767	221.486084	3810.690928
428	-1.579076	-1.993099	64.182861	7.795189
429	-0.910087	-1.502489	163.239014	15.968735
430	-0.058143	-0.093481	440.532471	6179.419566
431	-0.259743	-0.458876	297.601807	13.178573
432	-0.010678	-0.035066	355.111328	2934.064496
433	-0.005924	-0.024274	275.692383	443.611913
434	-60.568365	-1.760070	419.901367	7.716525
435	-0.024251	-0.063356	184.195801	6436.274503
436	-5.866227	-0.156077	288.110840	7.110523
437	-0.040591	-0.073741	20.304443	23.341005
438	-0.581523	-1.098455	242.159912	15.648135
439	-0.061242	-0.073548	220.630615	153.836370
440	-15.983234	-0.228734	223.652100	7.448592
441	-0.586141	-1.107007	272.166504	11.595162
442	-0.025161	-0.054004	69.768311	1873.433563
443	-25.419963	-1.462782	325.991699	7.515949
444	-0.001089	-0.009312	405.364746	2441.850287
445	-0.786054	-1.333831	139.703857	14.731230
446	-84.972133	-0.371519	433.701660	7.897286
447	-0.040600	-0.075379	265.794434	871.642564
448	-0.594669	-1.026274	94.184570	22.380564
449	-0.019609	-0.054239	142.385010	62.534202
450	-0.679442	-1.249105	69.328857	11.999497
451	-0.022217	-0.056319	368.949951	2512.585103
452	-0.055265	-0.122373	401.149658	9.335897
453	-64.538596	-0.756613	361.491943	7.293542
454	-0.011649	-0.026833	340.458984	1666.011905
455	-6.721197	-0.525328	219.719482	7.241165
456	-22.093433	-0.887940	236.801514	7.313556
457	-0.003135	-0.018193	347.298828	1569.930218
458	-81.807615	-0.737312	260.722656	7.539535
459	-50.086216	-1.205723	142.359131	7.929973
460	-0.294158	-0.292606	327.273682	150.570733
461	-0.054752	-0.082518	36.348633	359.883315
462	-69.341631	-0.149249	349.264648	7.299617
463	-0.076004	-0.100080	29.959229	50.300050
464	-13.266302	-0.174947	300.040771	7.559849
465	-0.047917	-0.072154	36.835938	9.048190
466	-0.016536	-0.037254	265.881348	8.618549
467	-0.015113	-0.000745	457.993896	363.834299
468	-0.000868	-0.008083	11.454346	5092.441880
469	-0.554535	-0.929759	205.525879	20.828982
470	-0.165934	-0.149326	234.450928	10.300357
471	-0.020299	-0.047293	295.353760	206.077261
472	-0.554301	-0.858906	250.421631	15.374278
473	-0.002920	-0.016274	243.976807	127.497606
474	-0.011618	-0.037993	324.215088	56.930674
475	-22.600198	-1.288973	423.283691	7.173793
476	-0.006734	-0.027271	82.590332	542.087140
477	-11.672404	-0.387519	298.414062	7.604240
478	-0.000030	-0.017151	351.815918	4502.652434
479	-0.210715	-0.411492	197.626221	25.316689
480	-0.147970	-0.253263	230.978516	5169.959400
481	-0.004646	-0.022224	387.384766	124.235119
482	-0.006419	-0.026526	422.114258	9.788077
483	-0.017825	-0.040758	421.567627	334.449385
484	-5.785139	-1.136291	328.128662	7.639276
485	-0.300808	-0.578474	104.658936	13.785584
486	-0.000141	-0.131118	399.061768	138.368068
487	-0.006464	-0.024614	120.239014	241.906671
488	-2.589558	-0.742194	445.084961	7.340850
489	-0.000018	-0.013925	410.852783	199.755518
490	-0.020779	-0.056552	300.730225	713.401234
491	-0.009135	-0.024556	64.405518	97.808959
492	-0.030191	-0.074846	267.190918	970.417785
493	-0.533753	-0.902030	244.918457	12.889066
494	-0.401392	-0.764821	133.390137	23.934339
495	-37.810021	-0.507643	270.673096	7.972172
496	-0.385885	-0.186085	178.879883	29.868288
497	-0.019134	-0.043873	414.168457	418.294606
498	-0.000021	-0.011131	134.122803	611.171065
499	-0.000031	-0.018344	368.865967	2309.435043
500	-0.427947	-0.674039	54.906738	19.504732
501	-0.001421	-0.010999	162.449219	5555.226756
502	-0.017077	-0.037335	117.944092	398.796480
503	-48.099463	-1.211883	88.148193	7.353692
504	-0.000704	-0.009627	381.767334	2898.689775
505	-19.700820	-1.807660	439.198730	7.301646
506	-0.000111	-0.072256	384.760498	4653.481095
507	-0.247009	-0.478774	343.347900	20.947904
508	-0.030443	-0.057733	218.933105	13.799892
509	-0.272509	-0.526035	226.720947	13.053555
510	-0.007803	-0.029714	221.541504	53.401892
511	-39.950467	-1.628498	281.549072	7.405548
512	-0.003668	-0.019669	342.433594	18.638878
513	-0.001759	-1.358388	163.828857	7.774275
514	-13.742162	-1.743065	130.510498	7.778829
515	-0.013174	-0.041241	296.651367	11.375108
516	-0.018922	-0.052876	245.923828	16.634365
517	-0.009274	-0.015560	359.514404	8.147295
518	-0.020474	-0.055952	272.783203	1230.094057
519	-0.009514	-0.033496	216.390625	246.173057
520	-16.123787	-1.660755	319.225830	7.569752
521	-0.400800	-0.638132	216.330566	17.031475
522	-0.669252	-1.255335	191.709473	20.723755
523	-0.341276	-0.653454	254.293701	17.203860
524	-71.719877	-0.151932	385.732178	8.463300
525	-0.372072	-0.710505	177.750977	10.259571
526	-0.193651	-0.138833	151.914795	557.291653
527	-0.004540	-0.021955	124.969482	10.074712
528	-0.000050	-0.030337	287.048584	165.019097
529	-0.086333	-1.596389	186.349854	7.361852
530	-39.925748	-1.042024	35.701660	7.413713
531	-24.636209	-0.175179	302.152100	8.356101
532	-65.659792	-0.252815	452.926025	7.776511
533	-0.038964	-0.071295	445.775635	13.148812
534	-2.234059	-1.941189	326.779053	7.303694
535	-0.490529	-0.929926	91.269775	24.250764
536	-0.331247	-0.634872	335.091797	19.002965
537	-12.588752	-0.070381	411.700684	7.789513
538	-0.000370	-0.004087	455.769287	13.744503
539	-0.000335	-0.003813	7.769287	13.894228
540	-0.017219	-0.049474	124.975098	100.003234
541	-18.987559	-0.172741	276.804199	7.277028
542	-53.533536	-0.123518	332.917480	6.958402
543	-0.238931	-0.182760	294.754395	2977.796267
544	-4.094792	-1.694822	446.434814	7.195156
545	-44.132846	-0.168292	175.875244	6.996783
546	-0.080429	-0.089839	398.498047	51.264632
547	-56.459708	-1.414342	353.004150	7.682389
548	-22.093592	-2.000000	283.645752	7.866901
549	-78.273525	-0.276577	60.062988	7.000907
550	-0.053680	-0.084608	238.274170	88.201301
551	-7.219345	-0.523750	375.124756	7.448973
552	-0.179337	-0.353300	251.695801	20.474217
553	-0.007733	-0.017546	115.645264	128.033304
554	-0.373811	-0.712141	112.592529	11.714195
555	-0.026483	-0.049026	455.916748	8.897549
556	-0.023415	-0.045925	7.916748	8.521583
557	-86.056723	-0.430411	330.092529	7.082652
558	-67.738562	-0.360704	346.166748	7.228507
559	-0.045738	-0.084615	323.308105	14400.867514
560	-14.485046	-0.112940	97.511475	7.342513
561	-2.439644	-0.615880	443.353271	7.508654
562	-6.899970	-1.369570	177.285889	7.806874
563	-76.980289	-0.613037	324.979492	7.301240
564	-1.113642	-1.999698	88.677002	8.554976
565	-81.203988	-1.720886	94.298584	6.896644
566	-66.338140	-0.715045	436.434082	8.043211
567	-37.290813	-1.136034	83.757568	6.922904
568	-0.067102	-0.085527	228.520752	2226.121835
569	-30.473479	-0.947662	354.561768	7.347386
570	-36.053229	-0.086790	206.189209	7.306187
571	-4.723399	-0.472660	88.753418	7.454089
572	-0.946169	-1.328789	217.222168	20.484478
573	-3.425375	-0.323338	355.307861	7.117331
574	-0.002333	-0.010520	144.590576	19.823373
575	-1.602857	-1.631174	167.538818	8.587821
576	-0.015795	-0.027620	434.239502	98.689999
577	-0.276515	-0.533459	304.835938	10.399243
578	-0.259737	-0.502365	252.887207	13.102311
579	-0.431234	-0.804970	299.150635	14.210141
580	-12.902122	-0.317141	72.093750	7.512614
581	-60.927705	-0.787155	127.521240	7.267214
582	-79.408132	-1.702290	37.582275	7.109479
583	-0.001266	-0.003727	308.979736	15.769001
584	-0.440653	-0.837544	185.150635	19.525484
585	-26.614440	-0.337649	429.154053	7.397865
586	-7.906065	-0.029367	93.653809	7.474112
587	-0.908542	-1.342171	288.023193	6.953176
588	-2.297308	-0.051464	61.548584	7.955077
589	-75.120555	-0.589792	255.729004	7.456929
590	-43.037577	-0.118277	141.741943	7.191588
591	-39.861096	-0.097886	93.561523	7.187577
592	-20.312608	-1.813096	160.597412	7.261559
593	-58.557216	-0.817700	27.890381	7.376217
594	-35.836607	-1.068048	417.591309	7.415409
595	-18.672351	-1.406159	271.881348	7.346501
596	-42.393577	-0.125892	241.781738	6.841756
597	-11.950754	-1.415775	233.164551	6.933879
598	-0.003845	-0.011888	360.315674	10.266672
599	-2.408749	-0.093068	428.437988	7.263284
600	-0.002021	-0.008407	12.037109	13.160697
601	-45.988621	-0.216873	119.037354	7.474203
602	-64.420179	-0.043258	187.899170	7.569534
603	-43.996446	-0.024740	286.826904	7.302804
604	-66.065573	-0.345305	294.191895	7.202332
605	-0.004905	-0.020548	441.423584	51.680771
606	-42.850550	-0.226758	227.803467	7.275761
607	-2.941987	-1.906092	355.268311	7.193742
608	-61.527071	-0.525349	226.459717	7.324585
609	-75.294088	-1.815307	23.766846	7.222575
610	-18.232456	-0.112070	44.601074	7.646646
611	-89.642071	-0.085970	281.729980	7.261238
612	-0.000019	-0.012177	289.081299	147.393417
613	-31.247923	-0.112958	378.900146	8.315390
614	-2.697135	-1.167295	376.680176	7.200027
615	-65.704735	-0.956904	153.618652	7.314175
616	-0.010767	-1.631810	350.489990	7.983661
617	-26.682265	-0.957515	89.417236	7.028822
618	-0.004794	-0.020042	366.627197	8.983312
619	-0.042426	-1.062978	311.163330	8.366404
620	-63.107610	-0.645200	411.800293	8.779536
621	-69.407650	-0.684935	327.831543	9.388672
622	-44.802546	-0.439830	87.205811	8.175393
623	-0.020680	-0.038892	287.489502	144.063081
624	-0.050935	-0.079277	63.843994	133.505247
625	-0.969977	-1.788777	0.232666	7.991539
626	-49.695371	-1.026749	80.624756	7.729518
627	-0.114101	-0.149017	389.923584	2808.140497
628	-69.880039	-0.372021	250.962402	7.009534
629	-0.007546	-0.023931	304.571533	419.973709
630	-0.017044	-0.043978	0.062988	9.052868
631	-54.874641	-0.309273	226.709717	7.394673
632	-25.143745	-1.246654	171.952881	7.329897
633	-0.025650	-0.056510	0.063965	7.689763
634	-1.585409	-1.370582	403.628418	8.172547
635	-0.024407	-0.056732	0.063721	9.712147
636	-0.456134	-0.804266	0.000244	10.072995
637	-0.213057	-0.415835	104.291504	132.795871
638	-0.043821	-0.091202	0.066650	12.201691
639	-0.028651	-0.066941	0.064697	8.190466
640	-0.045998	-0.089411	0.065186	12.057110
641	-0.015386	-0.040596	309.078613	124.597901
642	-0.000082	-0.092178	178.503174	139.547610
643	-0.016771	-0.045810	0.063477	10.175305
644	-0.036561	-0.059521	388.703613	51.662580
645	-0.042748	-0.086864	0.065430	8.882845
646	-0.000200	-0.173567	369.119385	9.312378
647	-0.028499	-0.053084	405.543945	42.147256
648	-0.030753	-0.061670	0.064209	8.512445
649	-0.031619	-0.064716	0.063965	15.127478
650	-1.875969	-1.396011	399.220703	7.382337
651	-0.371719	-0.708871	0.000244	15.723753
652	-0.751099	-0.685500	285.361816	7.266757
653	-0.768499	-1.105923	0.000977	7.646821
654	-0.001618	-0.013431	41.720459	72.043736
655	-0.012745	-0.039293	340.694580	9.195995
656	-71.173445	-1.342734	31.689941	7.267563
657	-16.870101	-2.000000	211.739990	7.405754
658	-0.001355	-0.010315	417.887939	147.820784
659	-74.783973	-0.106265	239.180176	7.440616
660	-0.056610	-0.102410	0.065674	15.207599
661	-81.521200	-1.288223	229.243164	7.449533
662	-0.747850	-1.087596	0.000244	10.959324
663	-27.415141	-0.047119	175.994629	7.394998
664	-0.478126	-0.827724	0.000732	9.014492
665	-0.000036	-0.023700	292.462402	261.440101
666	-0.428218	-0.774095	0.001465	9.753857
667	-0.604023	-0.837056	333.146973	7.707809
668	-0.016430	-0.042707	0.062500	12.094279
669	-85.729582	-1.309710	325.739990	7.265462
670	-0.083936	-0.125678	0.066406	9.387396
671	-0.000312	-0.207039	196.700439	95.365000
672	-18.759392	-1.177211	251.058838	7.010166
673	-0.372157	-0.710629	0.000244	7.929302
674	-0.035591	-0.077466	0.065674	8.470418
675	-23.854426	-0.168387	227.234619	7.447557
676	-46.847811	-1.135831	13.906250	7.348914
677	-86.493562	-0.454000	132.287598	7.104761
678	-0.003229	-0.005194	98.994385	13.061951
679	-44.787479	-1.183922	106.593750	6.913523
680	-65.060072	-0.777822	152.412109	7.458225
681	-39.815254	-0.246137	88.686035	6.938960
682	-0.127795	-0.179371	69.858154	53.711000
683	-0.013812	-0.037011	82.231934	9.384507
684	-0.805572	-1.136099	0.000244	9.579930
685	-0.007894	-0.023755	341.487793	153.669661
686	-42.543907	-0.313084	189.764648	6.763313
687	-0.448646	-0.791893	0.000244	9.164637
688	-0.037495	-0.070931	0.063477	19.812586
689	-0.015382	-0.042773	0.063232	11.471082
690	-0.005227	-0.018395	0.062012	8.127866
691	-40.471727	-1.125071	438.904541	7.444189
692	-0.021492	-0.053299	0.063477	8.320336
693	-0.897898	-1.073093	335.284912	7.565854
694	-81.124260	-0.561037	221.896729	7.550503
695	-0.407729	-0.694860	0.111328	8.560830
696	-0.012869	-0.031354	35.061279	24.029178
697	-0.068778	-0.111005	0.065674	7.177244
698	-0.372594	-0.711257	0.000244	11.090545
699	-58.253135	-0.453367	171.635986	6.986928
700	-43.485157	-1.283536	251.647705	7.158253
701	-0.788447	-1.144189	0.002441	7.631175
702	-31.016867	-0.006744	453.598389	9.563499
703	-0.052898	-0.073395	50.643799	163.258491
704	-88.402486	-0.058524	170.854736	7.195751
705	-75.872250	-1.297748	446.927979	7.764978
706	-61.903359	-0.129654	190.034912	6.917784
707	-0.005631	-0.024660	0.062744	10.310263
708	-0.002565	-0.016522	0.062256	8.881539
709	-0.031694	-0.065458	0.064209	16.201356
710	-0.034648	-0.069814	0.063721	10.622430
711	-0.048364	-0.097190	0.066895	10.131047
712	-0.012591	-0.034735	0.063232	14.362867
713	-0.001385	-0.010113	387.406494	162.655348
714	-0.000993	-0.010190	0.061768	12.570609
715	-0.000165	-0.129422	99.462646	23.125642
716	-0.002994	-0.015739	331.146973	153.912491
717	-0.038474	-0.084113	390.927246	17.612279
718	-0.000156	-0.003111	335.607422	132.325296
719	-0.114727	-0.209372	241.714111	8.661035
720	-0.030905	-0.050393	227.277100	61.257409
721	-0.084879	-0.148165	102.431641	21.330078
722	-0.006468	-0.023188	76.280029	30.923207
723	-0.091836	-0.164281	242.619141	10.255097
724	-0.070949	-0.063900	122.035400	200.884443
725	-0.002799	-0.015353	86.925537	152.058519
726	-0.000020	-0.014605	47.682373	30.320658
727	-0.027154	-0.060318	132.847656	16.082378
728	-6.100062	-0.681873	144.480957	7.374956
729	-18.599978	-0.426828	176.885254	7.583615
730	-0.034499	-0.050573	374.295898	18.691793
731	-0.041153	-0.074241	110.188232	68.073851
732	-0.000308	-0.002320	449.615967	646.124983
733	-0.000035	-0.034093	1.615723	611.493869
734	-0.008613	-0.016267	131.099121	12.047890
735	-57.356498	-1.082158	455.640381	7.550875
736	-0.000231	-0.223157	329.740723	1111.901442
737	-0.112224	-0.176507	264.891357	13.529837
738	-51.692040	-1.386884	304.464844	7.741478
739	-0.002838	-0.005432	377.704834	352.248109
740	-55.984364	-0.324965	284.545166	7.083651
741	-0.010026	-0.022669	408.736328	68.856409
742	-0.114766	-0.012703	379.704590	9.973677
743	-0.067215	-0.140382	328.852051	13.890703
744	-66.891203	-1.390255	450.765625	7.643640
745	-38.835885	-0.211760	234.120117	7.248855
746	-0.075650	-0.001700	457.999268	61.452752
747	-0.035271	-0.084572	12.197754	688.483153
748	-0.015113	-0.032667	36.843018	11.621978
749	-38.461271	-0.115594	170.937012	7.315518
750	-0.017644	-0.043680	181.674072	3233.258921
751	-0.023456	-0.054285	283.229980	10.043743
752	-0.677720	-1.276610	203.399658	7.442120
753	-0.003133	-0.009184	439.476318	11.693612
754	-0.013764	-0.036490	456.271484	2320.106730
755	-0.011900	-0.034645	8.271484	2301.600790
756	-0.086911	-0.135084	244.054932	12.203851
757	-0.019149	-0.037599	215.164307	189.990688
758	-0.000015	-0.027022	408.187988	453.552702
759	-0.000058	-0.088793	131.226074	98.415368
760	-0.000440	-0.003766	69.856201	88.941891
761	-36.579123	-0.282679	139.986328	7.159423
762	-0.000475	-0.001992	360.632812	733.605946
763	-86.957509	-1.132617	194.984375	7.431458
764	-0.008368	-0.087978	362.427734	11.148012
765	-0.038093	-0.061721	201.514648	460.416699
766	-0.005486	-0.017145	84.342285	50.958695
767	-47.189379	-1.410306	21.116699	7.392021
768	-0.011088	-0.019433	412.331299	24.735507
769	-0.056931	-0.102961	361.568359	5755.685606
770	-0.017870	-0.034999	222.663574	10.616128
771	-0.000062	-0.067296	382.247070	346.265190
772	-65.360768	-1.229961	225.895996	9.039359
773	-0.016153	-0.035910	435.743652	54.812016
774	-0.025340	-0.045656	159.738525	614.291449
775	-0.047838	-0.062738	54.669678	264.326063
776	-0.014908	-0.034031	31.313721	21.910102
777	-0.002716	-0.016974	153.716064	18.031143
778	-31.920057	-0.268819	331.237305	7.300295
779	-0.025006	-0.064826	173.975830	27.010691
780	-0.000136	-0.002472	373.864014	14.290678
781	-31.952122	-0.220530	293.763916	7.145490
782	-0.049375	-0.088547	151.963379	13.380520
783	-0.360151	-0.631091	90.350586	8.050026
784	-0.024672	-0.038530	155.096436	39.843682
785	-0.018454	-0.033978	216.986816	421.938520
786	-0.009031	-0.023124	91.819824	127.555726
787	-0.000124	-0.102526	183.323975	73.362337
788	-0.092201	-0.180700	410.533936	13.553242
790	-0.047144	-0.087321	221.828613	381.917435
791	-0.026474	-0.060758	247.267090	566.414089
792	-0.035581	-0.071257	391.720215	46.955558
793	-39.077457	-0.503263	335.976562	8.326051
794	-0.000724	-0.478013	319.561035	35.215438
795	-0.000191	-0.132064	64.613037	2338.715047
796	-74.424523	-0.028152	455.015625	8.274108
797	-0.009011	-0.027516	27.848877	133.505488
798	-0.000304	-0.234273	352.950928	909.583213
799	-0.049409	-0.055834	114.024170	405.251734
800	-0.002051	-0.006901	394.555908	102.637374
801	-0.023395	-0.044542	178.924561	106.249454
802	-0.213331	-0.407557	416.565186	374.302334
803	-0.000174	-0.122258	17.366699	227.835937
804	-0.032070	-0.061774	261.069824	211.927461
805	-0.116043	-0.132690	346.443848	104.045382
806	-0.000072	-0.044146	126.219238	811.642270
807	-0.000002	-0.008348	219.914062	463.955023
808	-0.001042	-0.845375	201.111572	11.107889
809	-0.002715	-0.016973	395.939941	71.679397
810	-0.002022	-0.010994	34.838379	21.317331
811	-0.000033	-0.025219	408.963623	1642.859350
812	-0.017111	-0.039846	247.152832	323.376954
813	-0.004753	-0.022495	439.336670	29.466841
814	-0.218854	-0.306971	151.852295	7.432749
815	-0.000845	-0.003119	178.941162	190.970404
816	-0.026593	-0.047345	110.862793	18.982671
817	-0.000419	-0.006704	341.156250	515.546195
818	-0.044118	-0.087191	251.803467	18.810392
819	-0.015197	-0.029926	56.220947	289.928784
820	-0.008009	-0.024161	239.214600	17.013834
821	-0.000099	-0.061723	449.613037	15.966116
822	-0.001659	-0.007837	1.614502	13.940362
823	-0.000014	-0.022849	368.886719	18.251995
824	-0.078884	-0.155292	98.931885	14.699778
825	-0.000684	-0.462850	222.458984	17.591925
826	-0.000003	-0.012333	354.370117	59.852672
827	-0.007734	-0.027244	364.344482	25.499128
828	-0.057304	-0.095980	54.084229	8.715195
829	-0.007374	-0.009232	316.315674	51.475344
830	-0.007998	-0.026112	252.038330	92.015784
831	-0.015644	-0.046299	180.100830	11.910510
832	-0.000023	-0.011678	242.722168	2031.915203
833	-0.014773	-0.037834	114.021973	25.143388
834	-0.001052	-0.002866	92.501465	746.627734
835	-71.646129	-1.106607	86.808838	7.293115
836	-0.014667	-0.035672	423.060059	234.294779
837	-0.000083	-0.078389	167.662842	29.209037
838	-0.011838	-0.030267	421.964355	39.578659
839	-0.009982	-0.027766	79.853516	324.825344
840	-0.000688	-0.003387	428.455811	25.388187
841	-0.003765	-0.019411	382.943848	93.935249
842	-45.943091	-0.225147	162.833740	7.304323
843	-0.000989	-0.656204	353.352051	8.992733
844	-0.818683	-0.012256	457.917969	8.850699
845	-0.014236	-0.039299	137.568359	3108.342835
846	-0.502868	-0.949589	308.855713	8.995622
847	-0.000022	-0.011957	222.253906	33.071734
848	-0.094657	-0.176324	117.276367	12.471192
849	-0.061380	-0.109944	438.591309	18.661158
850	-0.000373	-0.005971	370.701416	126.241924
851	-60.829980	-0.186715	444.120850	7.402573
852	-0.039480	-0.069587	344.530273	10.146479
853	-0.030592	-0.048785	343.895264	9.961491
854	-0.000197	-0.001924	442.848877	100.912338
855	-0.010992	-0.026047	444.089844	48.411487
856	-0.000640	-0.007667	161.958984	31.723911
857	-14.262258	-0.344888	203.777344	7.330741
858	-46.795798	-0.989007	345.388916	7.753217
859	-0.060290	-0.109592	56.959473	15.728229
860	-0.547232	-0.987025	448.414062	8.124381
861	-0.000589	-0.009020	267.453857	9.536962
862	-0.003069	-0.015376	437.422119	207.886835
863	-0.077693	-0.070790	85.221924	164.425498
864	-0.000018	-0.022710	112.613525	322.414482
865	-0.001700	-0.013720	280.470703	25.342960
866	-0.033699	-0.064828	113.675537	17.239471
867	-59.191449	-0.884745	225.984131	8.205900
868	-0.041745	-0.059454	168.072998	68.196120
869	-0.009147	-0.026130	407.200439	191.704754
870	-51.574791	-0.606498	371.739502	7.424538
871	-0.000047	-0.027711	54.619873	28.159498
872	-0.001297	-0.836496	125.863770	7.781700
873	-0.182539	-0.331383	302.660889	10.510914
874	-0.037551	-0.087448	376.514404	5668.334010
875	-0.000078	-0.048227	89.562744	18.127142
876	-54.544437	-0.376140	441.817627	7.578822
877	-0.021215	-0.042544	353.285156	210.373309
879	-44.803780	-0.000128	313.109619	29.460154
880	-0.003872	-0.018769	55.217529	2133.833180
881	-0.000720	-0.009358	279.345215	1227.008032
882	-0.060018	-0.112071	209.593506	12.140290
883	-0.387264	-0.690618	341.509033	10.438911
884	-0.011802	-0.030655	245.597900	10.610259
885	-0.022894	-0.048121	96.474609	10.528699
886	-0.005089	-0.021351	328.187744	320.076645
887	-0.010188	-0.024600	309.214600	2396.538867
888	-0.000177	-0.002392	125.625977	22.350434
889	-0.021779	-0.051247	358.593750	861.418194
890	-0.038425	-0.069138	252.822021	1010.413806
891	-40.012884	-0.330908	445.074463	7.471003
892	-0.000979	-0.008922	206.998535	49.513895
893	-0.135693	-0.268157	85.714111	7.866579
894	-49.221475	-0.100339	189.586426	7.432546
895	-0.012010	-0.032574	119.714600	1835.156317
896	-40.188065	-1.821911	118.526611	7.287084
897	-0.000047	-0.054694	195.834717	130.442265
898	-0.002126	-0.005256	451.350586	12.016763
899	-0.050175	-0.093992	166.264648	32.477018
900	-17.529640	-1.253218	12.154785	7.138123
901	-0.024737	-0.064303	186.552490	1139.881629
902	-0.323595	-0.360606	0.321777	132.575916
903	-0.004490	-0.015678	146.986572	24.099099
904	-0.000006	-0.025114	404.720215	302.120314
905	-20.345919	-1.749610	245.024170	7.581820
906	-0.000039	-0.040875	383.576660	246.736923
907	-0.001221	-0.901401	426.245850	14.829767
908	-0.000026	-0.039945	309.099609	783.447139
909	-0.048446	-0.078962	404.965576	9.736212
910	-0.000060	-0.046444	441.477051	454.720476
911	-0.056420	-0.101424	152.087646	8.487871
912	-0.276879	-0.527688	83.182861	9.715887
913	-60.849819	-0.530799	216.351562	7.697436
914	-0.000020	-0.009376	194.050537	9.507507
915	-0.278002	-0.418579	369.145996	8.226467
916	-0.003893	-0.020270	132.562256	16.334611
917	-0.000640	-0.427148	71.267578	10.607412
918	-0.011042	-0.028810	421.143799	56.750222
919	-0.002569	-0.016534	378.697266	20.598429
920	-0.058305	-0.040216	337.569092	1211.647192
921	-0.000181	-0.114484	336.047852	17.758168
922	-0.026585	-0.046104	320.604736	326.224337
923	-0.041897	-0.071512	425.359619	11165.840890
924	-50.702857	-0.000310	268.009521	48.239176
925	-0.000057	-0.046683	47.540283	2576.549229
926	-0.051003	-0.041288	1.850586	579.124771
927	-54.490068	-0.660805	456.795898	8.904272
928	-0.094592	-0.115521	14.938721	75.558505
929	-0.063557	-0.125221	194.752686	14.750419
930	-37.116672	-0.406889	233.359375	7.341918
931	-58.307159	-0.915021	210.453125	7.173925
932	-0.046838	-0.095827	99.853760	26.864464
933	-0.038163	-0.077179	312.446289	35.053248
934	-0.035212	-0.084377	339.091309	22.961787
935	-0.099542	-0.172569	375.244873	13.767457
936	-0.003765	-0.015559	64.428223	1097.116255
937	-0.221703	-0.247213	262.089844	9.358802
938	-0.019529	-0.054064	361.674072	18.793057
939	-0.034987	-0.037482	352.829834	24.637068
940	-0.016748	-0.045246	213.719238	10.899093
941	-0.047138	-0.097849	72.521973	16.213419
942	-0.000911	-0.005474	45.614990	18.092297
943	-0.000033	-0.033532	268.093994	65.584299
944	-0.037271	-0.044363	108.235352	114.408664
945	-0.000081	-0.056279	149.667969	26.333711
946	-0.062291	-0.127519	281.921631	10.891693
947	-0.046198	-0.065493	199.332520	828.586585
948	-0.007549	-0.019277	57.937744	10.245228
949	-0.081148	-0.084287	229.995850	1885.161282
950	-0.006494	-0.021630	101.750732	10.174070
951	-0.000683	-0.005401	78.050781	35.707467
952	-0.131454	-0.225860	116.439209	9.303469
953	-0.023876	-0.062627	189.618164	3155.996122
954	-0.000040	-0.035775	238.603516	37.367671
955	-0.015224	-0.044202	454.279297	1025.696395
956	-0.005178	-0.023551	6.278076	993.958507
957	-0.040170	-0.082611	205.130615	19.917720
958	-0.013743	-0.029740	387.693848	688.769583
959	-81.193827	-0.135119	352.946045	7.278820
960	-41.613073	-0.254347	316.092529	7.202440
961	-0.000038	-0.047648	280.254883	816.732512
962	-0.108857	-0.222418	314.074463	3002.197683
963	-0.180971	-0.353598	144.245605	16.462319
964	-0.000031	-0.017919	302.365723	126.967810
965	-52.135913	-0.526583	259.096924	7.109167
966	-0.075011	-0.132222	331.154053	8.017622
967	-0.034599	-0.028569	342.518555	206.045124
968	-58.726780	-0.698887	373.833252	8.059758
969	-0.007757	-0.027763	74.260986	3058.964427
970	-0.070161	-0.080627	365.833252	46.667420
971	-0.079860	-0.127568	279.422607	19.278280
972	-53.725904	-0.092441	316.389404	7.277968
973	-0.031409	-0.062944	238.923584	11.141963
974	-0.056074	-0.074794	194.289551	423.929011
975	-81.894621	-0.027105	457.875488	8.729912
976	-0.000096	-0.059242	74.520508	720.168655
977	-0.020692	-0.045994	340.414062	476.456472
978	-15.372370	-0.733144	316.539551	7.217993
979	-0.004488	-0.016177	370.189453	15.823562
980	-77.258948	-1.494289	450.982178	7.538457
981	-0.000036	-0.021913	396.273682	13.790579
982	-0.058176	-0.048168	394.219482	126.874534
983	-20.799543	-1.535588	333.063232	7.049786
984	-0.063459	-0.088307	47.827393	29.374905
985	-21.628098	-1.951049	168.957764	7.372774
986	-0.052904	-0.104132	426.699951	13.297817
987	-0.024328	-0.053340	188.404297	22.022215
988	-28.134820	-1.190899	338.490723	7.434967
989	-0.047776	-0.058558	402.878418	811.715512
990	-0.054320	-0.059175	268.132812	482.072341
991	-43.244932	-0.312699	344.543213	7.573193
992	-0.070759	-0.146364	295.088623	11.007491
993	-0.028095	-0.059351	190.041016	35.194623
994	-0.017866	-0.035298	330.464111	53.513033
995	-0.018777	-0.047877	422.745117	122.226107
996	-0.000028	-0.024527	99.686523	613.241260
997	-0.167703	-0.311638	177.343262	12.551040
998	-0.000065	-0.041673	450.375977	6938.228889
999	-0.000262	-0.003033	2.376709	6491.211138
1000	-0.563112	-1.064357	363.678711	7.600349
1001	-46.393864	-0.628226	170.184570	7.470581
1002	-0.000040	-0.033074	179.209961	1484.609605
1003	-0.035629	-0.064734	387.259277	19.723431
1004	-0.056255	-0.094998	279.943115	65.303802
1005	-0.001259	-1.334472	284.176025	10.380948
1006	-0.029373	-0.045778	257.235352	62.082737
1007	-0.038891	-0.058835	364.207764	78.696202
1008	-4.498233	-1.799253	215.577881	7.260520
1009	-57.946506	-0.216356	85.881104	7.596851
1010	-0.124267	-0.251067	376.209473	8.796274
1012	-0.149360	-0.272538	147.707764	15.185464
1013	-0.003849	-0.007145	165.978516	1627.221395
1014	-0.014652	-0.021944	285.763916	9.533206
1015	-0.000273	-0.002244	426.876709	20.602971
1016	-35.600432	-0.862875	383.350342	7.511835
1017	-0.414748	-0.767933	98.629150	8.026998
1018	-21.898069	-0.623170	61.715332	6.944169
1019	-0.003688	-0.019722	385.890137	10.137994
1020	-0.032550	-0.054490	144.914551	9.499228
1021	-0.014377	-0.035059	51.313965	40.354241
1022	-0.008379	-0.029117	373.089600	40.405333
1023	-0.012396	-0.028292	278.122070	20.822028
1024	-0.057130	-0.074282	162.884277	239.511058
1025	-0.085128	-0.097448	172.377197	60.699054
1026	-13.833840	-0.087416	267.878174	7.229749
1027	-8.796813	-0.111116	52.241455	7.345556
1028	-0.011152	-0.031043	145.004395	87.645195
1029	-0.001119	-0.004327	126.512939	27.831156
1030	-0.008454	-0.026835	302.236328	165.866654
1031	-76.003893	-0.180098	242.885742	7.076746
1032	-0.006397	-0.024333	218.248535	30.272716
1033	-0.000725	-0.567096	108.151367	17.162897
1034	-88.682206	-0.811246	357.774658	7.949798
1035	-0.004421	-0.006209	145.385010	2825.291836
1036	-0.191699	-0.297921	179.925537	12.664986
1037	-0.081938	-0.132338	102.440918	8.469013
1038	-0.916082	-1.718025	355.154053	7.576437
1039	-0.208748	-0.320710	52.779785	7.742241
1040	-12.380362	-2.000000	161.843018	7.056768
1041	-0.052313	-0.052522	412.306152	1324.159582
1042	-0.068060	-0.146357	402.881592	12.214937
1043	-0.172696	-0.340894	147.819824	7.500117
1044	-45.405839	-0.190818	258.618164	7.812670
1045	-0.557743	-0.995139	197.082764	7.496067
1046	-61.908471	-0.973925	159.748291	7.580941
1047	-61.016815	-0.183997	121.305908	7.702776
1048	-0.009283	-0.018812	194.260742	158.484614
1049	-0.025304	-0.021841	454.716064	1158.623093
1050	-0.016239	-0.015359	6.715820	1168.646132
1051	-59.767978	-1.484799	283.112793	7.195069
1052	-0.027286	-0.047755	83.699707	276.455064
1053	-10.155105	-0.758255	295.137695	7.252471
1054	-0.029068	-0.055423	165.614014	45.527307
1055	-0.011745	-0.032324	169.742188	2250.077851
1056	-0.000820	-0.822972	156.375488	7.584845
1057	-82.198434	-0.257561	409.942383	7.734750
1058	-0.081207	-0.109217	136.103271	503.325578
1059	-0.051100	-0.092766	245.218750	10.454371
1060	-0.069356	-0.094640	419.086426	7.388275
1061	-0.062664	-0.120266	189.903076	15.204445
1062	-0.033513	-0.070527	109.955078	10.011140
1063	-0.124560	-0.209334	308.507324	227.255595
1064	-0.192680	-0.337355	239.449219	16.634636
1065	-0.035947	-0.071594	43.467529	32.596179
1066	-0.016067	-0.011790	237.550781	2040.164823
1067	-0.083637	-0.088404	389.402588	699.870896
1068	-0.045972	-0.083000	269.984863	17.159776
1069	-0.064527	-0.129714	311.532715	24.388612
1070	-0.002261	-0.012267	77.764160	21.975371
1071	-0.049309	-0.062240	199.291016	425.796987
1072	-69.672697	-0.976820	179.039307	7.356116
1073	-0.125411	-0.240307	286.963135	11.825791
1074	-0.083346	-0.143563	213.822510	16.085625
1075	-0.006715	-0.027227	390.768555	24.845187
1076	-0.078598	-0.075123	307.924072	827.388816
1077	-0.095677	-0.082310	228.681641	796.815811
1078	-0.015430	-0.016176	399.432129	1444.167132
1079	-0.011238	-0.020652	316.997314	10.661497
1080	-0.490416	-0.929716	354.859375	7.402478
1081	-0.000028	-0.014825	374.665039	22.003297
1082	-0.000043	-0.047782	302.567139	22.215470
1083	-0.900782	-0.527845	74.365479	21.464963
1084	-0.028854	-0.044462	286.389160	523.133062
1085	-85.990920	-0.722503	101.618652	7.247994
1086	-0.029822	-0.065904	317.018799	21.010134
1087	-0.041286	-0.065648	333.995117	375.511585
1088	-0.003589	-0.013918	319.388672	96.647330
1089	-0.100165	-0.192081	414.346191	9.436516
1090	-0.001167	-0.911353	258.523193	8.413441
1091	-0.025768	-0.055594	145.989014	20.077560
1092	-0.004743	-0.021839	348.424561	15.775783
1093	-0.147530	-0.184193	213.361572	53.163282
1094	-0.013181	-0.027173	294.255371	55.381979
1095	-0.017984	-0.036241	302.483398	10.889527
1096	-0.000593	-0.386448	447.925049	26.823328
1097	-0.048059	-0.077133	330.193359	9.894120
1098	-0.025344	-0.042381	289.176270	12.098357
1099	-0.000022	-0.003261	405.847412	25.313157
1100	-0.340528	-0.619364	107.305664	8.001216
1101	-0.013711	-0.034385	36.751953	18.774547
1102	-0.000059	-0.066926	375.794434	18.872638
1103	-14.802405	-0.025505	457.628418	13.695608
1104	-0.009775	-0.011674	14.569092	175.490337
1105	-24.810442	-0.185934	423.653320	7.468132
1106	-0.002150	-1.887210	327.637695	20.851775
1107	-13.809680	-0.003105	457.991699	28.129184
1108	-0.029269	-0.029733	49.968262	1695.058986
1109	-0.065999	-0.088799	374.641113	541.464756
1110	-0.013777	-0.036680	390.675049	151.983999
1111	-0.472727	-0.855800	170.577881	12.601273
1112	-0.034495	-0.032304	328.555908	1459.195406
1113	-78.729475	-1.825602	349.829102	7.034445
1114	-0.094662	-0.112889	75.910645	193.483568
1115	-0.004373	-0.020829	413.046631	350.448166
1116	-0.040141	-0.093423	16.928223	17.648666
1117	-0.000995	-0.008924	118.298584	44.594055
1118	-0.009668	-0.011610	68.170654	19.193324
1119	-0.154109	-0.177576	348.819580	100.747074
1120	-0.047861	-0.089365	207.938965	180.526478
1121	-0.006611	-0.014532	270.846924	26.214679
1122	-0.000038	-0.029516	132.501221	149.487149
1123	-39.201342	-0.000116	67.991455	35.604609
1124	-0.000029	-0.016624	62.144043	2315.392703
1125	-0.000249	-0.002748	334.711670	34.335898
1126	-58.863211	-0.285132	442.214844	7.543169
1127	-0.019401	-0.043809	296.118408	8.812600
1128	-0.075291	-0.138558	404.538574	13.400519
1129	-0.022523	-0.021290	132.884033	12.881629
1130	-0.000021	-0.029248	15.107178	9.482264
1131	-0.025431	-0.065620	102.818359	10.010589
1132	-0.038253	-0.031265	146.800049	762.008580
1133	-17.372360	-1.921470	357.526855	8.862973
1134	-0.000014	-0.015547	336.820801	469.282879
1135	-26.749416	-0.306577	130.308594	6.675503