3	8.280042	0.842046	155.294922	11.378717
7	7.878168	0.731296	267.079102	24.733399
14	0.734183	0.244295	277.381348	18.232704
17	22.139622	0.968372	105.654297	18.228269
27	0.785163	0.263539	187.004395	17.229762
30	6.309173	0.732859	257.290527	27.352007
37	22.422471	1.006167	243.585693	30.285842
41	25.577668	1.115157	315.505615	15.306887
42	29.533513	1.075064	187.397949	11.856984
47	22.302612	1.011496	72.503174	20.653302
50	17.905322	0.890353	324.458984	27.740103
52	1.135149	0.324262	203.265869	15.691885
55	8.724671	0.850330	159.873535	36.029164
57	21.938805	0.991143	178.703857	38.962646
59	44.762183	1.298884	198.315674	22.206679
62	0.736290	0.261769	221.452881	30.589786
66	30.867383	1.182614	141.721924	14.795556
69	0.567109	0.227993	122.269775	11.310004
71	14.527785	1.045718	275.354980	19.106581
77	27.382587	1.133337	306.641113	32.245320
95	8.181603	0.715119	267.587158	12.028576
100	23.237571	1.052792	88.176270	20.948839
101	0.586532	0.231472	123.940430	32.263884
103	8.089377	0.720906	102.913330	28.993939
104	38.735823	1.245973	110.532471	26.150940
115	8.039392	0.876915	327.519531	37.478603
119	1.187524	0.302170	177.013672	24.181826
121	1.340333	0.324127	150.940918	18.196791
133	0.756501	0.260183	279.434326	39.462732
135	7.245986	0.761236	110.395752	16.801425
138	30.774059	1.170736	231.873535	35.564101
139	0.694196	0.241010	92.114502	29.536553
140	9.846903	1.024219	129.205322	11.362140
142	0.593602	0.234610	50.099854	34.022761
144	13.537216	1.238220	287.616211	25.840304
156	10.669338	0.803326	73.762695	20.628922
161	32.000568	1.202138	83.214355	37.028781
168	26.241505	1.051049	319.318115	23.830345
172	0.535536	0.226928	201.212402	15.164959
174	11.939544	0.836209	64.818604	10.286858
178	8.360929	0.796129	89.120361	38.304744
181	0.932156	0.292224	310.053223	29.453663
182	8.883188	0.758106	327.704102	30.662335
183	31.152123	1.128082	330.440186	32.546191
186	7.389052	0.700950	108.057129	19.596770
188	33.063167	1.150215	244.175537	35.113137
189	9.925613	1.060768	217.638184	38.452959
198	0.833812	0.264478	271.593262	29.089857
203	7.278265	0.791606	236.252197	32.213748
206	19.827378	0.934585	83.292969	27.182878
213	9.456239	0.776914	126.328613	29.668482
218	19.550281	0.944113	249.858643	25.883294
219	9.084682	0.728043	269.388428	11.664508
226	0.789727	0.257444	181.468750	23.623194
227	7.094391	0.779281	299.532471	22.048627
239	10.423234	0.890619	210.877686	25.302352
251	20.965526	0.964398	242.131592	17.101373
257	11.506014	1.175195	252.215088	39.207337
258	26.303528	1.102653	333.213135	36.424821
259	0.474503	0.188550	226.064941	12.479175
263	9.661404	0.744874	297.766357	19.058050
266	30.712872	1.150381	249.154541	20.032271
270	25.270055	1.028387	221.175781	14.534275
278	8.889802	0.935612	76.064941	35.652816
283	24.695444	1.044560	64.010010	31.806639
286	1.061467	0.297237	276.978516	26.053726
287	1.242047	0.303231	182.479736	16.878834
289	26.519321	1.066913	314.172363	33.267378
298	0.619440	0.224395	335.951172	23.174379
299	8.181870	0.834713	275.982422	39.074366
300	21.113475	0.982952	78.152588	18.453100
301	34.339142	1.189371	160.320068	21.394968
302	10.619299	0.990780	185.972412	36.845234
310	32.674656	1.166725	326.090088	30.911420
318	14.166237	1.077585	107.212402	13.150779
320	0.672290	0.239930	125.166748	18.162709
321	1.191117	0.301978	134.550537	38.788923
323	36.508083	1.198706	213.475830	22.293731
324	1.093180	0.301616	81.412354	23.010426
335	12.903340	1.055909	75.932129	29.025962
349	1.020616	0.298537	174.005615	16.803781
351	8.322318	0.806953	238.749756	39.406976
359	6.496157	0.720246	184.786377	40.019570
366	0.618931	0.232465	303.010010	36.575767
369	27.154492	1.073973	294.848877	12.931152
372	12.902362	0.883461	89.186035	20.739703
376	1.009402	0.313131	200.939209	17.445082
377	30.492330	1.116850	320.743652	21.289757
379	1.042608	0.295523	344.774902	28.728531
383	30.860018	1.159222	314.035400	19.096533
388	0.757560	0.257733	206.174561	34.610158
389	9.709579	0.745309	152.077148	33.867911
390	0.521636	0.208935	113.571533	17.318266
391	8.307429	0.811438	203.590576	16.698376
392	0.632619	0.232685	131.302979	9.082589
393	19.746421	0.941932	306.271240	34.373681
396	0.961039	0.295355	56.021729	15.094636
398	29.834568	1.126837	212.132568	16.814150
400	0.629504	0.229802	218.019775	21.367426
401	21.550681	0.974428	131.305908	17.542243
402	10.367664	1.100718	137.433594	16.507310
405	1.306843	0.324107	233.818604	21.115065
407	10.241608	0.847659	94.789062	14.213023
410	1.288800	0.315859	122.521240	34.505487
411	1.206119	0.301679	139.339111	21.526730
416	1.157833	0.331246	117.595703	30.747954
417	22.799134	1.013697	332.837646	14.681808
421	0.743076	0.256998	125.695068	22.306810
422	9.892616	0.874292	64.359375	12.631296
423	1.040830	0.318586	61.435303	35.746640
426	29.507428	1.120452	89.589355	24.542825
428	29.604824	1.196075	92.708252	34.012243
429	1.112567	0.314852	162.121094	26.764473
431	0.975397	0.295626	296.657471	22.860142
434	22.226820	0.990470	298.158936	30.871753
436	11.629844	0.997038	277.621826	30.347003
438	0.903063	0.283142	241.262451	25.966964
440	38.522802	1.214203	229.840820	30.382724
441	1.110493	0.293509	271.052490	19.878452
443	21.652957	0.978107	306.443848	37.152124
445	1.369310	0.330796	138.327637	29.093491
448	0.896620	0.284245	93.299072	37.563891
450	0.785507	0.264927	68.536133	20.454917
453	17.884308	1.173031	339.977295	36.211833
455	33.819545	1.169728	192.567383	23.587447
456	12.309640	0.875937	251.727539	13.887243
458	6.331532	0.717112	255.946045	20.052774
464	10.406731	1.003819	272.637451	24.918859
469	0.941340	0.285700	204.598145	36.741678
472	1.003145	0.309168	249.445312	28.864736
475	7.269902	0.724233	287.563965	14.266073
477	22.329846	0.991262	88.172119	24.404466
479	0.605829	0.229424	197.047119	38.992550
484	36.285567	1.226351	317.022949	36.807989
485	0.683500	0.262235	104.009521	20.724161
493	1.011064	0.283609	243.914551	19.675687
494	0.871632	0.279686	132.539307	39.974425
495	12.706962	1.057945	57.507812	10.257057
500	0.622240	0.239797	54.308105	28.420893
503	7.827650	0.755532	86.174316	27.454470
505	14.363858	1.149568	98.162842	16.068587
507	0.611767	0.229591	342.759521	33.952651
509	1.074857	0.316596	225.680664	25.872860
511	7.124836	0.762298	268.739014	26.344906
513	9.115823	0.754115	155.219727	35.394412
514	12.364933	0.892316	266.966797	16.791157
520	28.037911	1.086695	231.223389	23.225262
521	0.554486	0.223873	215.796631	26.670662
522	1.090171	0.296921	190.612305	32.444889
523	0.871636	0.281781	253.448486	26.008503
524	12.909406	1.084218	116.318115	10.905208
525	0.872976	0.255034	176.884766	14.425470
529	11.737700	1.049138	174.729004	27.915151
530	17.703056	0.904235	54.381348	26.677094
531	8.955273	0.781653	297.151855	19.022623
534	7.568032	0.756124	319.162842	31.123511
535	0.926434	0.305151	90.368164	35.228011
536	0.749303	0.258165	334.365479	27.590184
537	16.281684	1.063309	302.735107	31.928003
541	23.406215	1.013274	107.209717	12.446048
542	12.265144	1.107210	325.492188	31.367426
544	44.097910	1.282866	81.720947	18.011489
545	31.202787	1.199459	109.455322	34.478676
547	16.640597	0.862944	301.980713	18.015907
548	21.340521	0.996135	263.940430	38.648228
549	12.269857	0.890270	289.490967	14.492423
551	36.862140	1.233020	248.034912	17.938644
552	0.499114	0.212285	251.225830	25.902269
554	0.718890	0.268656	111.902344	14.610903
557	23.714254	1.010849	250.581543	25.223711
558	19.585096	0.947054	333.730957	23.793434
560	23.308168	1.022614	202.811768	36.284183
561	8.907868	0.868185	214.316162	27.028524
562	8.230312	0.784924	169.334961	36.465697
563	36.304119	1.218364	252.114502	40.565349
564	7.633508	0.770106	80.975098	40.018729
565	32.238485	1.154752	130.174805	21.003533
566	20.326450	0.962226	101.382568	17.933871
567	33.320717	1.155874	53.348389	32.325566
569	18.325450	1.149927	79.311523	16.700759
570	36.167123	1.222428	156.063477	13.970259
571	18.867272	0.907507	84.212158	20.383968
572	1.430313	0.335407	215.787109	35.589224
573	10.346700	1.009148	292.413330	22.460478
575	10.347561	0.871789	157.571533	37.387851
577	0.709594	0.252357	304.153076	13.480792
578	0.675352	0.256421	252.245850	15.848185
579	0.954798	0.319593	298.233154	18.490795
580	8.586076	0.837479	253.086670	16.129962
581	11.396807	0.910066	239.202881	25.126901
582	30.435459	1.104130	141.118896	33.840608
584	0.869881	0.278611	184.297363	26.744331
585	9.807730	0.981429	343.593750	19.921560
586	29.041997	1.158276	67.165527	32.496602
587	29.920269	1.128196	259.033447	36.623549
588	11.426297	1.146473	50.983643	31.731293
589	22.014595	0.973320	178.865967	15.388577
590	21.604807	0.980590	320.260254	30.938934